stop_id,stop_code,stop_name,stop_desc,stop_lat,stop_lon,zone_id,stop_url,location_type,parent_station,stop_timezone,wheelchair_boarding,platform_code
1001 1,,可部上市,,34.5203198,132.5119552,1001 1,,0,,,,
1001 2,,可部上市,,34.5207435,132.5119708,1001 2,,0,,,,
1001 3,,可部上市,,34.5203202,132.5119552,1001 3,,0,,,,
1001 4,,可部上市,,34.5207428,132.5119709,1001 4,,0,,,,
1001 5,,可部上市,,34.5203197,132.5119548,1001 5,,0,,,,
1001 6,,可部上市,,34.5207435,132.5119708,1001 6,,0,,,,
1001 7,,可部上市,,34.5206242981712,132.511996482163,1001 7,,0,,,,
1002 1,,可部中央,,34.5158548,132.5099985,1002 1,,0,,,,
1002 2,,可部中央,,34.5168952,132.5102487,1002 2,,0,,,,
1002 3,,可部中央,,34.5158564,132.5099988,1002 3,,0,,,,
1002 4,,可部中央,,34.5168957,132.510249,1002 4,,0,,,,
1002 5,,可部中央,,34.5158543,132.509998,1002 5,,0,,,,
1002 6,,可部中央,,34.5168945,132.5102502,1002 6,,0,,,,
1002 7,,可部中央,,34.516917,132.5102914,1002 7,,0,,,,
1002 8,,可部中央,,34.5164594,132.5093861,1002 8,,0,,,,
1002 9,,可部中央,,34.5165041,132.5094756,1002 9,,0,,,,
1003 1,,可部駅前,,34.5122565,132.5101773,1003 1,,0,,,,5
1003 2,,可部駅前,,34.5122277,132.5104989,1003 2,,0,,,,5
1003 3,,可部駅前,,34.5122575,132.5101775,1003 3,,0,,,,5
1004 1,,下の浜,,34.5089582,132.5116906,1004 1,,0,,,,
1004 2,,下の浜,,34.5095769,132.511076,1004 2,,0,,,,
1004 3,,下の浜,,34.5089543,132.5116905,1004 3,,0,,,,
1004 4,,下の浜,,34.5095731,132.5110759,1004 4,,0,,,,
1004 5,,下の浜,,34.5089572,132.5116892,1004 5,,0,,,,
1004 6,,下の浜,,34.5095721,132.5110751,1004 6,,0,,,,
1005 1,,広島文教大学入口,,34.5059009,132.5135661,1005 1,,0,,,,
1005 2,,広島文教大学入口,,34.5062286,132.5132278,1005 2,,0,,,,
1005 3,,広島文教大学入口,,34.5058986,132.5135669,1005 3,,0,,,,
1005 4,,広島文教大学入口,,34.5062276,132.5132264,1005 4,,0,,,,
1005 5,,広島文教大学入口,,34.5058963,132.513568,1005 5,,0,,,,
1005 6,,広島文教大学入口,,34.5062277,132.5132264,1005 6,,0,,,,
1006 1,,中島駅口,,34.5011866,132.5130357,1006 1,,0,,,,
1006 2,,中島駅口,,34.5014098,132.5129106,1006 2,,0,,,,
1006 4,,中島駅口,,34.5014066,132.5129091,1006 4,,0,,,,
1007 1,,太田川橋東,,34.4979807,132.512655,1007 1,,0,,,,
1007 2,,太田川橋東,,34.4991843,132.5123476,1007 2,,0,,,,
1007 4,,太田川橋東,,34.4991811,132.5123474,1007 4,,0,,,,
1008 1,,太田川橋,,34.4952122,132.5082323,1008 1,,0,,,,
1008 2,,太田川橋,,34.49504363,132.508048,1008 2,,0,,,,
1008 4,,太田川橋,,34.4950408,132.5080487,1008 4,,0,,,,
1009 1,,中八木,,34.4903235,132.5061525,1009 1,,0,,,,
1009 2,,中八木,,34.4906966,132.506215,1009 2,,0,,,,
1009 4,,中八木,,34.4906932,132.5062157,1009 4,,0,,,,
1010 1,,八木小学校前,,34.4871507,132.5044276,1010 1,,0,,,,
1010 2,,八木小学校前,,34.48745,132.5045575,1010 2,,0,,,,
1010 4,,八木小学校前,,34.4874471,132.5045575,1010 4,,0,,,,
1011 1,,八木峠,,34.484036,132.5000727,1011 1,,0,,,,
1011 2,,八木峠,,34.4842259,132.5002454,1011 2,,0,,,,
1011 4,,八木峠,,34.4842232,132.5002453,1011 4,,0,,,,
1012 1,,八木梅林,,34.4814672,132.4955818,1012 1,,0,,,,
1012 2,,八木梅林,,34.4810366,132.4946847,1012 2,,0,,,,
1012 4,,八木梅林,,34.4810356,132.4946853,1012 4,,0,,,,
1012 5,,八木梅林,,34.4814628,132.4955816,1012 5,,0,,,,
1012 6,,八木梅林,,34.4810368,132.4946852,1012 6,,0,,,,
1013 1,,梅林小学校前,,34.47899,132.491269,1013 1,,0,,,,
1013 2,,梅林小学校前,,34.4791794,132.4914548,1013 2,,0,,,,
1013 4,,梅林小学校前,,34.4791789,132.4914554,1013 4,,0,,,,
1013 5,,梅林小学校前,,34.4791775,132.4914575,1013 5,,0,,,,
1013 6,,梅林小学校前,,34.4791788,132.4914549,1013 6,,0,,,,
1014 1,,下八木,,34.4767919,132.4875053,1014 1,,0,,,,
1014 2,,下八木,,34.477248,132.4880569,1014 2,,0,,,,
1014 4,,下八木,,34.4772495,132.488057,1014 4,,0,,,,
1014 5,,下八木,,34.4767909,132.487506,1014 5,,0,,,,
1014 6,,下八木,,34.4772475,132.4880576,1014 6,,0,,,,
1015 1,,上緑井,,34.474572,132.4845974,1015 1,,0,,,,
1015 2,,上緑井,,34.4752488,132.4852424,1015 2,,0,,,,
1015 4,,上緑井,,34.4752444,132.4852444,1015 4,,0,,,,
1015 5,,上緑井,,34.4745699,132.4845981,1015 5,,0,,,,
1015 6,,上緑井,,34.4752448,132.4852424,1015 6,,0,,,,
1016 0,,七軒茶屋,,34.4714758,132.4812003,1016 0,,0,,,,
1016 1,,七軒茶屋,,34.4720313,132.4817695,1016 1,,0,,,,
1016 2,,七軒茶屋,,34.4714769,132.4812003,1016 2,,0,,,,
1016 4,,七軒茶屋,,34.4714753,132.4811982,1016 4,,0,,,,
1016 5,,七軒茶屋,,34.4720279,132.4817676,1016 5,,0,,,,
1016 6,,七軒茶屋,,34.4714754,132.4811989,1016 6,,0,,,,
1017 0,,中緑井,,34.466336,132.4771074,1017 0,,0,,,,
1017 1,,中緑井,,34.4662269,132.4773128,1017 1,,0,,,,
1017 2,,中緑井,,34.466356,132.4771062,1017 2,,0,,,,
1017 4,,中緑井,,34.4663538,132.4771061,1017 4,,0,,,,
1017 6,,中緑井,,34.4663522,132.4771081,1017 6,,0,,,,
1017 8,,中緑井,,34.4662219,132.4773038,1017 8,,0,,,,
1018 1,,広島インター入口,,34.4643694,132.4779944,1018 1,,0,,,,
1018 2,,広島インター入口,,34.4639422,132.4774097,1018 2,,0,,,,
1018 4,,広島インター入口,,34.4639186,132.4774078,1018 4,,0,,,,
1018 6,,広島インター入口,,34.4639345,132.477409,1018 6,,0,,,,
1019 1,,下緑井,,34.4614805,132.4778008,1019 1,,0,,,,
1019 2,,下緑井,,34.4610341,132.4773185,1019 2,,0,,,,
1019 4,,下緑井,,34.4610331,132.4773164,1019 4,,0,,,,
1019 6,,下緑井,,34.4610324,132.4773144,1019 6,,0,,,,
1020 1,,中須,,34.4585456,132.4747457,1020 1,,0,,,,
1020 2,,中須,,34.4587276,132.4746818,1020 2,,0,,,,
1020 4,,中須,,34.4587232,132.4746798,1020 4,,0,,,,
1020 6,,中須,,34.4587242,132.4746812,1020 6,,0,,,,
1021 1,,古市小学校前,,34.4558078,132.4721027,1021 1,,0,,,,
1021 2,,古市小学校前,,34.4551093,132.4713215,1021 2,,0,,,,
1021 4,,古市小学校前,,34.4551065,132.4713221,1021 4,,0,,,,
1021 6,,古市小学校前,,34.4551059,132.4713195,1021 6,,0,,,,
1022 1,,下古市,,34.451195,132.4701616,1022 1,,0,,,,
1022 2,,下古市,,34.4513594,132.4700102,1022 2,,0,,,,
1022 3,,下古市,,34.4511927,132.4701609,1022 3,,0,,,,
1022 4,,下古市,,34.451356,132.4700122,1022 4,,0,,,,
1022 6,,下古市,,34.4513565,132.4700109,1022 6,,0,,,,
1023 1,,安佐南警察署前,,34.4472878,132.4696172,1023 1,,0,,,,
1023 2,,安佐南警察署前,,34.4465455,132.4693428,1023 2,,0,,,,
1023 3,,安佐南警察署前,,34.4472861,132.4696158,1023 3,,0,,,,
1023 4,,安佐南警察署前,,34.4465443,132.4693435,1023 4,,0,,,,
1023 6,,安佐南警察署前,,34.4465415,132.4693415,1023 6,,0,,,,
1024 1,,今津,,34.4418285,132.4688861,1024 1,,0,,,,
1024 2,,今津,,34.4428774,132.4688605,1024 2,,0,,,,
1024 3,,今津,,34.4418246,132.4688841,1024 3,,0,,,,
1024 4,,今津,,34.4428768,132.4688591,1024 4,,0,,,,
1024 6,,今津,,34.4428745,132.4688571,1024 6,,0,,,,
1025 1,,祇園出張所前,,34.4372222,132.4666299,1025 1,,0,,,,
1025 2,,祇園出張所前,,34.4379376,132.4667994,1025 2,,0,,,,
1025 3,,祇園出張所前,,34.4372228,132.4666319,1025 3,,0,,,,
1025 4,,祇園出張所前,,34.4379375,132.4667994,1025 4,,0,,,,
1025 6,,祇園出張所前,,34.4379358,132.4667994,1025 6,,0,,,,
1026 1,,ＮＨＫ放送所前,,34.4343251,132.4651493,1026 1,,0,,,,
1026 2,,ＮＨＫ放送所前,,34.4335982,132.4645597,1026 2,,0,,,,
1026 3,,ＮＨＫ放送所前,,34.4343211,132.46515,1026 3,,0,,,,
1026 4,,ＮＨＫ放送所前,,34.4336059,132.4645617,1026 4,,0,,,,
1026 6,,ＮＨＫ放送所前,,34.4336019,132.4645624,1026 6,,0,,,,
1027 1,,西原,,34.4314461,132.4628573,1027 1,,0,,,,
1027 2,,西原,,34.4313058,132.4625151,1027 2,,0,,,,
1027 3,,西原,,34.4314454,132.462858,1027 3,,0,,,,
1027 4,,西原,,34.4313035,132.4625158,1027 4,,0,,,,
1027 6,,西原,,34.431304,132.4625165,1027 6,,0,,,,
1028 1,,祇園大橋北,,34.4276702,132.4596395,1028 1,,0,,,,
1028 2,,祇園大橋北,,34.4289643,132.4603214,1028 2,,0,,,,
1028 3,,祇園大橋北,,34.4275981,132.4596433,1028 3,,0,,,,
1028 4,,祇園大橋北,,34.428962,132.4603208,1028 4,,0,,,,
1028 6,,祇園大橋北,,34.4289591,132.4603194,1028 6,,0,,,,
1029 1,,大芝町,,34.4219084,132.4593292,1029 1,,0,,,,
1029 2,,大芝町,,34.4218302,132.4589976,1029 2,,0,,,,
1029 3,,大芝町,,34.4219072,132.4593285,1029 3,,0,,,,
1029 4,,大芝町,,34.4218357,132.4589996,1029 4,,0,,,,
1029 6,,大芝町,,34.4218328,132.4589983,1029 6,,0,,,,
1030 1,,三篠町三丁目,,34.4152214,132.4545374,1030 1,,0,,,,
1030 2,,三篠町三丁目,,34.4164771,132.4550046,1030 2,,0,,,,
1030 3,,三篠町三丁目,,34.4152208,132.4545375,1030 3,,0,,,,
1030 4,,三篠町三丁目,,34.4164956,132.4550127,1030 4,,0,,,,
1030 6,,三篠町三丁目,,34.4164923,132.4550147,1030 6,,0,,,,
1031 1,,三篠町一丁目,,34.4124641,132.4536953,1031 1,,0,,,,
1031 2,,三篠町一丁目,,34.4116177,132.4532054,1031 2,,0,,,,
1031 3,,三篠町一丁目,,34.4124618,132.4536953,1031 3,,0,,,,
1031 4,,三篠町一丁目,,34.4116149,132.4532054,1031 4,,0,,,,
1031 6,,三篠町一丁目,,34.4116142,132.4532054,1031 6,,0,,,,
1032 1,,横川駅前,,34.4092119,132.4518072,1032 1,,0,,,,9
1032 2,,横川駅前,,34.4080621,132.4499224,1032 2,,0,,,,6
1032 3,,横川駅前,,34.4092081,132.4518078,1032 3,,0,,,,9
1032 4,,横川駅前,,34.4080543,132.449917,1032 4,,0,,,,6
1032 6,,横川駅前,,34.4080564,132.4499197,1032 6,,0,,,,6
1032 8,,横川駅前,,34.4080608,132.449919,1032 8,,0,,,,6
1033 1,,広瀬町,,34.4018382,132.4485644,1033 1,,0,,,,
1033 2,,広瀬町,,34.4019665,132.4482577,1033 2,,0,,,,
1033 3,,広瀬町,,34.4018381,132.448565,1033 3,,0,,,,
1033 4,,広瀬町,,34.4019653,132.448255,1033 4,,0,,,,
1033 6,,広瀬町,,34.4019664,132.4482597,1033 6,,0,,,,
1034 0,,広島バスセンター,,34.3964398,132.4564504,1034 0,,0,,,,
1034 1,,広島バスセンター,,34.3964768,132.456651,1034 1,,0,,,,
1034 2,,広島バスセンター,,34.3962111,132.4562788,1034 2,,0,0001,,,7
1034 4,,広島バスセンター,,34.3961622,132.4563069,1034 4,,0,0001,,,8
1034 6,,広島バスセンター,,34.3961656,132.4563009,1034 6,,0,0001,,,9
1034 8,,広島バスセンター,,34.3961776,132.4563003,1034 8,,0,0001,,,11
1035 1,,合同庁舎前,,34.3986255,132.4620371,1035 1,,0,,,,
1035 2,,合同庁舎前,,34.3984755,132.4617173,1035 2,,0,,,,
1035 4,,合同庁舎前,,34.3984706,132.4617173,1035 4,,0,,,,
1036 1,,女学院前,,34.3977561,132.4655033,1036 1,,0,,,,1
1036 2,,女学院前,,34.3972168,132.4667628,1036 2,,0,,,,2
1036 4,,女学院前,,34.3972146,132.4667641,1036 4,,0,,,,2
1036 5,,女学院前,,34.3977534,132.4655054,1036 5,,0,,,,1
1036 6,,女学院前,,34.3972097,132.4667609,1036 6,,0,,,,2
1037 0,,広島駅,,34.3961229,132.4734165,1037 0,,0,,,,
1037 1,,広島駅,,34.3973024,132.4733171,1037 1,,0,,,,23
1037 2,,広島駅,,34.397303497939773700539,132.4743719513991105941772,1037 2,,0,,,,8
1037 4,,広島駅,,34.397236839683326515610,132.4744719463330180243604,1037 4,,0,,,,7
1037 6,,広島駅,,34.397203507883163670396,132.4743386257339937892092,1037 6,,0,,,,7
1038 1,,十日市,,34.3984463,132.4475684,1038 1,,0,,,,4
1038 2,,十日市,,34.3983035,132.447167,1038 2,,0,,,,5
1038 4,,十日市,,34.3983045,132.4471683,1038 4,,0,,,,5
1039 1,,本川町,,34.3970727,132.4499972,1039 1,,0,,,,
1039 2,,本川町,,34.3966773,132.450556,1039 2,,0,,,,
1040 1,,紙屋町,原爆ドーム前,34.396114,132.4547614,1040 1,,0,,,,27
1040 2,,紙屋町,エディオン西館前,34.3955289,132.4559309,1040 2,,0,,,,33
1040 4,,紙屋町,エディオン西館前,34.3955583,132.4558946,1040 4,,0,,,,33
1041 1,,立町,,34.3948886,132.4597952,1041 1,,0,,,,7
1041 2,,立町,,34.3944515,132.4603727,1041 2,,0,,,,16
1041 3,,立町,,34.3944548,132.4603693,1041 3,,0,,,,16
1041 4,,立町,,34.3944535584208,132.460373245845,1041 4,,0,,,,16
1041 5,,立町,,34.394453558187691609663,132.4603732458453607068460,1041 5,,0,,,,16
1041 6,,立町,,34.394886835131436365569,132.4598066060322886564190,1041 6,,0,,,,7
1042 1,,八丁堀,賀茂鶴オアシス前,34.3936683,132.4645846,1042 1,,0,,,,1
1042 2,,八丁堀,三越前,34.3934605,132.4642209,1042 2,,0,,,,8
1042 3,,八丁堀,,34.39325377,132.4650229,1042 3,,0,,,,0
1042 4,,八丁堀,三越前,34.3934572,132.4642201,1042 4,,0,,,,8
1042 5,,八丁堀,,34.3934703972003,132.464206306118,1042 5,,0,,,,8
1042 6,,八丁堀,賀茂鶴オアシス前,34.3936644,132.4645847,1042 6,,0,,,,1
1043 1,,別所団地,,34.4904285,132.5043141,1043 1,,0,,,,
1043 2,,別所団地,,34.4910077,132.5045103,1043 2,,0,,,,
1043 3,,別所団地,,34.4904236,132.5043138,1043 3,,0,,,,
1044 1,,八木峠,,34.4841337,132.5013953,1044 1,,0,,,,
1044 2,,八木峠,,34.484264,132.5012711,1044 2,,0,,,,
1045 1,,城南中学校前,,34.4752772,132.4882152,1045 1,,0,,,,
1045 2,,城南中学校前,,34.4764119,132.4888928,1045 2,,0,,,,
1046 1,,佐東出張所口,,34.4703884,132.483691,1046 1,,0,,,,
1046 2,,佐東出張所口,,34.4703218,132.4832253,1046 2,,0,,,,
1047 1,,大宮,,34.4194898,132.457539,1047 1,,0,,,,
1047 2,,大宮,,34.4191394,132.4569911,1047 2,,0,,,,
1047 3,,大宮,,34.4194853,132.4575383,1047 3,,0,,,,
1047 4,,大宮,,34.4191377,132.4569891,1047 4,,0,,,,
1047 6,,大宮,,34.4191404,132.4569911,1047 6,,0,,,,
1048 1,,緑井五丁目,,34.4664525,132.4787872,1048 1,,0,,,,
1048 2,,緑井五丁目,,34.4666358,132.478482,1048 2,,0,,,,
1101 1,,的場町,,34.3926436,132.4755786,1101 1,,0,,,,
1101 2,,的場町,,34.3923698,132.4753683,1101 2,,0,,,,
1102 1,,段原一丁目,,34.3910078,132.4764778,1102 1,,0,,,,
1102 2,,段原一丁目,,34.3901666,132.4765942,1102 2,,0,,,,
1103 1,,段原中央,,34.3876275,132.4772899,1103 1,,0,,,,3
1103 2,,段原中央,,34.3867232,132.4770258,1103 2,,0,,,,4
1104 1,,段原南,,34.3838359,132.4775434,1104 1,,0,,,,
1104 2,,段原南,,34.3833068,132.4772465,1104 2,,0,,,,
1105 1,,大学病院入口,,34.3803116,132.4759968,1105 1,,0,,,,
1105 2,,大学病院入口,,34.3802688,132.4754762,1105 2,,0,,,,
1106 1,,出汐一丁目,,34.3798369,132.476154,1106 1,,0,,,,
1106 2,,出汐一丁目,,34.3796806,132.4758971,1106 2,,0,,,,
1107 1,,大学病院前,,34.3800906,132.4781329,1107 1,,0,,,,4
1107 2,,大学病院前,,34.3800424,132.4779648,1107 2,,0,,,,3
1108 1,,出汐三丁目,,34.3766082,132.4766816,1108 1,,0,,,,1
1108 2,,出汐三丁目,,34.3764818,132.4766078,1108 2,,0,,,,2
1109 1,,旭町,,34.3735495,132.4781109,1109 1,,0,,,,
1109 2,,旭町,,34.3738692,132.4778622,1109 2,,0,,,,
1110 1,,東翠町,,34.3699699,132.4708425,1110 1,,0,,,,
1110 2,,東翠町,,34.3712729,132.4707812,1110 2,,0,,,,
1111 1,,県立広島大学前,,34.3673123,132.4693488,1111 1,,0,,,,2
1111 2,,県立広島大学前,,34.3687402,132.4703085,1111 2,,0,,,,3
1112 1,,県病院前,,34.3676995,132.4663464,1112 1,,0,,,,
1112 2,,県病院前,,34.3676537,132.4675,1112 2,,0,,,,
1113 1,,西翠町,,34.3698237,132.4646656,1113 1,,0,,,,
1113 2,,西翠町,,34.3698702,132.4648276,1113 2,,0,,,,
1114 1,,広大附属学校前,,34.3712334,132.4645375,1114 1,,0,,,,
1114 2,,広大附属学校前,,34.3720544,132.4646191,1114 2,,0,,,,
1115 1,,皆実町六丁目,,34.3740327,132.4639111,1115 1,,0,,,,
1115 2,,皆実町六丁目,,34.3743947,132.463617,1115 2,,0,,,,
1116 1,,御幸橋,,34.3760029,132.4589731,1116 1,,0,,,,4
1116 2,,御幸橋,,34.376045,132.4593044,1116 2,,0,,,,3
1117 1,,広電本社前,,34.3771672,132.4581498,1117 1,,0,,,,
1117 2,,広電本社前,,34.3781371,132.4578564,1117 2,,0,,,,
1118 1,,日赤病院前,,34.3801404,132.4562221,1118 1,,0,,,,
1118 2,,日赤病院前,,34.3806575,132.4562012,1118 2,,0,,,,
1119 1,,竹屋町西,,34.3847558,132.4597414,1119 1,,0,,,,
1119 2,,竹屋町西,,34.3840912,132.4591318,1119 2,,0,,,,
1120 1,,保健所前,,34.3858301,132.4609471,1120 1,,0,,,,
1121 1,,富士見町,,34.3871777,132.4613738,1121 1,,0,,,,
1121 2,,富士見町,,34.3875971,132.4617625,1121 2,,0,,,,
1122 1,,新天地,,34.3905629,132.4624129,1122 1,,0,,,,
1122 2,,新天地,,34.3903282,132.46259,1122 2,,0,,,,
1123 1,,八丁堀,モーツアルト前,34.3927113,132.4630758,1123 1,,0,,,,12
1124 1,,八丁堀,白島通り,34.394672,132.463668,1124 1,,0,,,,4
1125 2,,八丁堀,ヤマダ電機前,34.3931524,132.4634509,1125 2,,0,,,,11
1126 1,,幟町,,34.3969338,132.4686384,1126 1,,0,,,,
1127 0,,広島駅,,34.397453481569418344986,132.4743386142244742783048,1127 0,,0,,,,4
1128 2,,旭二丁目,,34.37250619,132.4766396,1128 2,,0,,,,
1129 1,,翠町第二公園前,,34.3729394,132.4724899,1129 1,,0,,,,
1129 2,,翠町第二公園前,,34.3730477,132.472566,1129 2,,0,,,,
2001 0,,譲羽団地入口,,34.577066,132.4651131,2001 0,,0,,,,
2001 1,,譲羽団地入口,,34.57706744,132.4651144,2001 1,,0,,,,
2002 1,,星が丘,,34.5779575,132.4638444,2002 1,,0,,,,
2002 2,,星が丘,,34.5779803,132.464378,2002 2,,0,,,,
2003 1,,星が丘上,,34.5802581,132.4629646,2003 1,,0,,,,
2003 2,,星が丘上,,34.5803921,132.4630687,2003 2,,0,,,,
2004 1,,星が丘中,,34.5814641,132.461494,2004 1,,0,,,,
2004 2,,星が丘中,,34.5815443,132.4615586,2004 2,,0,,,,
2005 1,,星が丘下,,34.5815971,132.4587021,2005 1,,0,,,,
2005 2,,星が丘下,,34.5816842,132.4585552,2005 2,,0,,,,
2006 1,,鈴張市,,34.5791394,132.4554662,2006 1,,0,,,,
2006 2,,鈴張市,,34.5792667,132.4555231,2006 2,,0,,,,
2007 1,,杉の迫,,34.5768186,132.4532658,2007 1,,0,,,,
2007 2,,杉の迫,,34.5768077,132.4531177,2007 2,,0,,,,
2008 1,,広島北工業団地,,34.571307,132.4540687,2008 1,,0,,,,
2008 2,,広島北工業団地,,34.5715597,132.4540486,2008 2,,0,,,,
2009 1,,森城団地中央,,34.5687122,132.4535813,2009 1,,0,,,,
2009 2,,森城団地中央,,34.5688383,132.4536234,2009 2,,0,,,,
2010 1,,森城団地中,,34.5673623,132.4519561,2010 1,,0,,,,
2010 2,,森城団地中,,34.5675425,132.4519816,2010 2,,0,,,,
2011 1,,森城団地入口,,34.5676154,132.4497474,2011 1,,0,,,,
2011 2,,森城団地入口,,34.5677956,132.4495801,2011 2,,0,,,,
2012 1,,上烏帽子,,34.5654679,132.4504206,2012 1,,0,,,,
2012 2,,上烏帽子,,34.5654964,132.450275,2012 2,,0,,,,
2013 1,,下烏帽子,,34.5625975,132.4501772,2013 1,,0,,,,
2013 2,,下烏帽子,,34.5627046,132.4501236,2013 2,,0,,,,
2014 1,,上飯室,,34.5539982,132.4484835,2014 1,,0,,,,
2014 2,,上飯室,,34.5544329,132.448588,2014 2,,0,,,,
2015 1,,飯室,,34.5517997,132.4463676,2015 1,,0,,,,
2015 2,,飯室,,34.5512804,132.4462524,2015 2,,0,,,,
2016 1,,広島北インター入口,,34.5456111,132.4482762,2016 1,,0,,,,
2016 2,,広島北インター入口,,34.5451478,132.4484347,2016 2,,0,,,,
2017 1,,幕の内東,,34.5421264,132.462664,2017 1,,0,,,,
2017 2,,幕の内東,,34.5419968,132.4612054,2017 2,,0,,,,
2018 1,,上行森,,34.5415639,132.4648654,2018 1,,0,,,,
2018 2,,上行森,,34.5411939,132.4652468,2018 2,,0,,,,
2019 1,,下行森,,34.5365096,132.4710533,2019 1,,0,,,,
2019 2,,下行森,,34.53625525,132.4711658,2019 2,,0,,,,
2020 1,,上勝木,,34.5352781,132.4781884,2020 1,,0,,,,
2020 2,,上勝木,,34.5357389,132.4772323,2020 2,,0,,,,
2020 4,,上勝木,,34.5350144,132.476908,2020 4,,0,,,,
2020 6,,上勝木,,34.53572209,132.4777486,2020 6,,0,,,,
2021 0,,勝木,,34.534862,132.4787969,2021 0,,0,,,,
2021 1,,勝木,,34.5348608,132.4787955,2021 1,,0,,,,
2022 0,,下勝木,,34.533634,132.4802332,2022 0,,0,,,,
2022 1,,下勝木,,34.5337475,132.4802316,2022 1,,0,,,,
2022 2,,下勝木,,34.5336306,132.4802337,2022 2,,0,,,,
2023 1,,虹山団地上,,34.5289924,132.4844087,2023 1,,0,,,,
2023 2,,虹山団地上,,34.5288553,132.4844614,2023 2,,0,,,,
2023 5,,虹山団地上,,34.52895,132.4843984,2023 5,,0,,,,
2024 1,,虹山団地中,,34.5265672,132.4890283,2024 1,,0,,,,
2024 2,,虹山団地中,,34.5268892,132.4880128,2024 2,,0,,,,
2024 5,,虹山団地中,,34.5265269,132.4890088,2024 5,,0,,,,
2025 1,,虹山団地下,,34.5241624,132.4921306,2025 1,,0,,,,
2025 2,,虹山団地下,,34.5245348,132.4915742,2025 2,,0,,,,
2025 3,,虹山団地下,,34.5236146,132.4918287,2025 3,,0,,,,
2025 4,,虹山団地下,,34.5235798,132.4918838,2025 4,,0,,,,
2025 5,,虹山団地下,,34.5241316,132.4921087,2025 5,,0,,,,
2026 0,,中大毛寺,,34.5259695,132.495683,2026 0,,0,,,,
2026 1,,中大毛寺,,34.5259741,132.495682,2026 1,,0,,,,
2026 2,,中大毛寺,,34.5260054,132.4951297,2026 2,,0,,,,
2027 1,,下大毛寺,,34.52512,132.4985666,2027 1,,0,,,,
2027 2,,下大毛寺,,34.5250206,132.498643,2027 2,,0,,,,
2028 1,,船山,,34.5239184,132.5027721,2028 1,,0,,,,
2028 2,,船山,,34.524146,132.5017019,2028 2,,0,,,,
2028 7,,船山,,34.5241570737353,132.501697174838,2028 7,,0,,,,
2029 1,,福王寺口,,34.5233246,132.5048041,2029 1,,0,,,,
2029 2,,福王寺口,,34.5232413,132.5048457,2029 2,,0,,,,
2029 7,,福王寺口,,34.5232405598267,132.504830290172,2029 7,,0,,,,
2030 1,,安佐北区民文化センター入口,,34.5226952,132.5071621,2030 1,,0,,,,
2030 2,,安佐北区民文化センター入口,,34.5227191,132.5066474,2030 2,,0,,,,
2030 7,,安佐北区民文化センター入口,,34.5227239798527,132.506630164481,2030 7,,0,,,,
2031 0,,大毛寺口,,34.5309272,132.4854122,2031 0,,0,,,,
2031 1,,大毛寺口,,34.5311927,132.4851971,2031 1,,0,,,,
2031 2,,大毛寺口,,34.5309234,132.4854121,2031 2,,0,,,,
2032 0,,上大毛寺,,34.52885636,132.4894813,2032 0,,0,,,,
2032 1,,上大毛寺,,34.5291088,132.4891975,2032 1,,0,,,,
2032 2,,上大毛寺,,34.5288537,132.4894806,2032 2,,0,,,,
2033 0,,勝木台上,,34.5298246,132.4752183,2033 0,,0,,,,
2033 1,,勝木台上,,34.5298725,132.4752175,2033 1,,0,,,,
2034 1,,勝木台中,,34.5315855,132.4748553,2034 1,,0,,,,
2034 2,,勝木台中,,34.5322076,132.4748193,2034 2,,0,,,,
2035 1,,勝木台下,,34.5330824,132.4745556,2035 1,,0,,,,
2035 2,,勝木台下,,34.5329339,132.4746754,2035 2,,0,,,,
2036 1,,勝木台入口,,34.5345142,132.4751916,2036 1,,0,,,,
2036 2,,勝木台入口,,34.5343338,132.4751164,2036 2,,0,,,,
2037 0,,瑞眺苑口,,34.5180674,132.4875867,2037 0,,0,,,,
2037 1,,瑞眺苑口,,34.5180636,132.4875899,2037 1,,0,,,,
2038 1,,虹山県営住宅,,34.51959067,132.4888818,2038 1,,0,,,,
2038 2,,虹山県営住宅,,34.5195908,132.4888811,2038 2,,0,,,,
2039 1,,虹山団地南,,34.5211929,132.4896618,2039 1,,0,,,,
2039 2,,虹山団地南,,34.5211883,132.4896618,2039 2,,0,,,,
2040 0,,柳瀬,,34.506042,132.482033,2040 0,,0,,,,
2040 1,,柳瀬,,34.506042,132.4820663,2040 1,,0,,,,
2041 1,,柳瀬中央,,34.5050395,132.4830811,2041 1,,0,,,,
2041 2,,柳瀬中央,,34.5047855,132.4830523,2041 2,,0,,,,
2042 1,,下柳瀬,,34.5040505,132.4840799,2042 1,,0,,,,
2042 2,,下柳瀬,,34.5039766,132.4840406,2042 2,,0,,,,
2043 1,,柳瀬大橋南,,34.504801,132.4865069,2043 1,,0,,,,
2043 2,,柳瀬大橋南,,34.5048031,132.4865675,2043 2,,0,,,,
2044 1,,柳瀬大橋,,34.507452,132.4858985,2044 1,,0,,,,
2044 2,,柳瀬大橋,,34.5074647,132.4859579,2044 2,,0,,,,
2045 1,,荒下,,34.5160659,132.4930119,2045 1,,0,,,,
2045 2,,荒下,,34.5160305,132.4929613,2045 2,,0,,,,
2046 0,,北部医療センター安佐市民病院,,34.5167577624188,132.495814670756,2046 0,,0,,,,
2046 1,,北部医療センター安佐市民病院,,34.5165142,132.4956353,2046 1,,0,,,,
2046 2,,北部医療センター安佐市民病院,,34.5165161,132.4956514,2046 2,,0,,,,
2046 3,,北部医療センター安佐市民病院,,34.5164911204883,132.495598034359,2046 3,,0,,,,
2046 7,,北部医療センター安佐市民病院,,34.5164744556041,132.495598035126,2046 7,,0,,,,
2047 1,,長井,,34.5174794,132.4966526,2047 1,,0,,,,
2047 2,,長井,,34.5174257,132.49675,2047 2,,0,,,,
2047 3,,長井,,34.5174748,132.4966577,2047 3,,0,,,,
2047 7,,長井,,34.5174744,132.496652,2047 7,,0,,,,
2049 1,,中河戸,,34.517374,132.5004985,2049 1,,0,,,,
2049 2,,中河戸,,34.51734111,132.5004643,2049 2,,0,,,,
2049 7,,中河戸,,34.5173652,132.5004983,2049 7,,0,,,,
2050 1,,河戸帆待川駅,,34.5171904,132.5030523,2050 1,,0,,,,
2050 2,,河戸帆待川駅,,34.5170945,132.5029065,2050 2,,0,,,,
2050 7,,河戸帆待川駅,,34.5171607,132.5029715,2050 7,,0,,,,
2051 0,,大畑,,34.5551457,132.4796632,2051 0,,0,,,,
2051 1,,大畑,,34.5551404,132.4796604,2051 1,,0,,,,
2052 1,,大畑農協前,,34.5523509,132.4784085,2052 1,,0,,,,
2052 2,,大畑農協前,,34.5523468,132.4784162,2052 2,,0,,,,
2053 1,,下大畑,,34.5500957,132.48006,2053 1,,0,,,,
2053 2,,下大畑,,34.5500903,132.480059,2053 2,,0,,,,
2054 1,,中綾ヶ谷,,34.5472227,132.4815818,2054 1,,0,,,,
2054 2,,中綾ヶ谷,,34.547222,132.4815833,2054 2,,0,,,,
2055 1,,迎川橋,,34.5396473,132.4789965,2055 1,,0,,,,
2055 2,,迎川橋,,34.5396428,132.4790034,2055 2,,0,,,,
2056 0,,安佐営業所,,34.5512226,132.444922,2056 0,,0,,,,
2056 1,,安佐営業所,,34.5512155,132.444922,2056 1,,0,,,,
2056 2,,安佐営業所,,34.5512172,132.4449234,2056 2,,0,,,,
2056 3,,安佐営業所,,34.5512195,132.444922,2056 3,,0,,,,
2056 4,,安佐営業所,,34.5512055,132.4449234,2056 4,,0,,,,
2057 1,,関の内,,34.5570406,132.4484128,2057 1,,0,,,,
2057 2,,関の内,,34.5574526,132.4480455,2057 2,,0,,,,
2058 1,,ふじビレッジ,,34.5462115,132.444663,2058 1,,0,,,,
2059 1,,ふじビレッジ中,,34.5463319,132.4457531,2059 1,,0,,,,
2060 1,,ふじビレッジ下,,34.5473095,132.4450411,2060 1,,0,,,,
2060 2,,ふじビレッジ下,,34.5475301,132.445594,2060 2,,0,,,,
2061 1,,清和中学校前,,34.5482864,132.4397914,2061 1,,0,,,,
2061 2,,清和中学校前,,34.5487145,132.4406867,2061 2,,0,,,,
2061 3,,清和中学校前,,34.548692,132.4406796,2061 3,,0,,,,
2061 4,,清和中学校前,,34.5482793,132.4397932,2061 4,,0,,,,
2062 1,,安佐出張所前,,34.5458875,132.4338707,2062 1,,0,,,,
2062 2,,安佐出張所前,,34.5458211,132.4336906,2062 2,,0,,,,
2062 3,,安佐出張所前,,34.5458131,132.43371,2062 3,,0,,,,
2062 4,,安佐出張所前,,34.5458914,132.4338752,2062 4,,0,,,,
2063 1,,宇津,,34.5443802,132.4321569,2063 1,,0,,,,
2063 2,,宇津,,34.544519,132.4318443,2063 2,,0,,,,
2063 3,,宇津,,34.5446132,132.4314361,2063 3,,0,,,,
2063 4,,宇津,,34.5445524,132.4316361,2063 4,,0,,,,
2064 1,,飯室毛木,,34.5368477,132.4338451,2064 1,,0,,,,
2064 2,,飯室毛木,,34.5367946,132.433807,2064 2,,0,,,,
2065 1,,壬辰橋,,34.5340484,132.4348124,2065 1,,0,,,,
2065 2,,壬辰橋,,34.5340041,132.4347396,2065 2,,0,,,,
2066 1,,毛木会館前,,34.5314529,132.4358791,2066 1,,0,,,,
2066 2,,毛木会館前,,34.5319546,132.4357016,2066 2,,0,,,,
2067 1,,姫瀬,,34.5265067,132.4379036,2067 1,,0,,,,
2067 2,,姫瀬,,34.5264242,132.4378831,2067 2,,0,,,,
2068 1,,風呂崎神社前,,34.522504,132.4486056,2068 1,,0,,,,
2068 2,,風呂崎神社前,,34.5224559,132.4486634,2068 2,,0,,,,
2069 1,,中河内,,34.5223682,132.4520396,2069 1,,0,,,,
2069 2,,中河内,,34.5223267,132.4520901,2069 2,,0,,,,
2070 1,,共栄橋北,,34.5219934,132.4584344,2070 1,,0,,,,
2070 2,,共栄橋北,,34.5219513,132.4585944,2070 2,,0,,,,
2071 1,,大野,,34.5222123,132.4615619,2071 1,,0,,,,
2071 2,,大野,,34.5221522,132.4616835,2071 2,,0,,,,
2072 1,,今井田集会所前,,34.5106063,132.4695431,2072 1,,0,,,,
2072 2,,今井田集会所前,,34.5105597,132.4695418,2072 2,,0,,,,
2073 1,,今井田,,34.5122295,132.4756619,2073 1,,0,,,,
2073 2,,今井田,,34.5121995,132.4756995,2073 2,,0,,,,
2074 1,,安佐北区役所入口,,34.516737,132.5072306,2074 1,,0,,,,
2074 2,,安佐北区役所入口,,34.5166692,132.507077,2074 2,,0,,,,
2074 7,,安佐北区役所入口,,34.5167107,132.5072697,2074 7,,0,,,,
2075 1,,安佐北大橋東,,34.5066601,132.482633,2075 1,,0,,,,
2075 2,,安佐北大橋東,,34.5067476,132.4825491,2075 2,,0,,,,
2076 7,,大毛寺薬師堂前,,34.5241937,132.4990238,2076 7,,0,,,,
2077 8,,可部三丁目,,34.5191801,132.5121484,2077 8,,0,,,,
2077 9,,可部三丁目,,34.5192439,132.5121417,2077 9,,0,,,,
2078 8,,台中央,,34.5185195,132.5208662,2078 8,,0,,,,
2078 9,,台中央,,34.5184495,132.5212286,2078 9,,0,,,,
2079 8,,新建団地入口,,34.5169694,132.5219347,2079 8,,0,,,,
2079 9,,新建団地入口,,34.5170026,132.521989,2079 9,,0,,,,
2080 8,,可部高校入口,,34.514468,132.5197517,2080 8,,0,,,,
2080 9,,可部高校入口,,34.5150256,132.5203365,2080 9,,0,,,,
2081 8,,可部南集会所前,,34.5115424,132.5159512,2081 8,,0,,,,
2081 9,,可部南集会所前,,34.5115685,132.5160718,2081 9,,0,,,,
2082 8,,可部南郵便局前,,34.5027297,132.5166107,2082 8,,0,,,,
2082 9,,可部南郵便局前,,34.5028229,132.5166147,2082 9,,0,,,,
2083 8,,可部南二丁目,,34.4995489,132.5164,2083 8,,0,,,,
2083 9,,可部南二丁目,,34.4994176,132.5164247,2083 9,,0,,,,
2084 8,,安佐北区スポーツセンター前,,34.4933576,132.5175073,2084 8,,0,,,,
2084 9,,安佐北区スポーツセンター前,,34.493035,132.5174435,2084 9,,0,,,,
2085 8,,深川一丁目,,34.4876514,132.5187886,2085 8,,0,,,,
2085 9,,深川一丁目,,34.4877416,132.518785,2085 9,,0,,,,
2086 8,,円正寺前,,34.4797668,132.5104718,2086 8,,0,,,,
2086 9,,円正寺前,,34.4797673,132.510482,2086 9,,0,,,,
2087 0,,今吉田公民館,,34.6057591,132.4418028,2087 0,,0,,,,
2087 1,,今吉田公民館,,34.6057387,132.4418476,2087 1,,0,,,,
2088 1,,今吉田中央,,34.6037641304067,132.438998716242,2088 1,,0,,,,
2088 2,,今吉田中央,,34.6037307965634,132.43876540382,2088 2,,0,,,,
2089 1,,切田,,34.6054199,132.435545,2089 1,,0,,,,
2089 2,,切田,,34.6054462,132.4356022,2089 2,,0,,,,
2090 1,,大釘,,34.6040638939929,132.427299674034,2090 1,,0,,,,
2090 2,,大釘,,34.604097222888,132.427249676652,2090 2,,0,,,,
2091 1,,大釘中,,34.6018807685532,132.42583322968,2091 1,,0,,,,
2091 2,,大釘中,,34.6018535,132.4257785,2091 2,,0,,,,
2092 1,,大釘下,,34.5965045,132.4278854,2092 1,,0,,,,
2092 2,,大釘下,,34.5964647167092,132.427866643532,2092 2,,0,,,,
2093 1,,大釘口,,34.5922651658992,132.427866836892,2093 1,,0,,,,
2093 2,,大釘口,,34.5923318268912,132.427950160235,2093 2,,0,,,,
2094 1,,西が迫,,34.5910618,132.4261422,2094 1,,0,,,,
2094 2,,西が迫,,34.5910688,132.4261155,2094 2,,0,,,,
2095 1,,楓原,,34.5886822376333,132.429116898057,2095 1,,0,,,,
2095 2,,楓原,,34.5887322319948,132.429100230473,2095 2,,0,,,,
2096 1,,下楓原,,34.5863824219122,132.42558396403,2096 1,,0,,,,
2096 2,,下楓原,,34.5864065,132.4255674,2096 2,,0,,,,
2097 1,,野外センター口,,34.585099171984,132.422500945828,2097 1,,0,,,,
2097 2,,野外センター口,,34.5851325008792,132.422450948446,2097 2,,0,,,,
2098 1,,小河内集会所前,,34.5839992188998,132.418451332794,2098 1,,0,,,,
2098 2,,小河内集会所前,,34.584065880765,132.418584651986,2098 2,,0,,,,
2099 1,,小河内三谷口,,34.5825993025577,132.414668378093,2099 1,,0,,,,
2099 2,,小河内三谷口,,34.5826326317439,132.414635045993,2099 2,,0,,,,
2100 1,,小河内郵便局,,34.5806161577655,132.41331858151,2100 1,,0,,,,
2100 2,,小河内郵便局,,34.5806328220675,132.413285250177,2100 2,,0,,,,
2101 1,,三根橋,,34.57653321894,132.410902303519,2101 1,,0,,,,
2101 2,,三根橋,,34.5765832130103,132.410868970652,2101 2,,0,,,,
2102 1,,小河内黒瀬口,,34.5748833505832,132.408335925959,2102 1,,0,,,,
2102 2,,小河内黒瀬口,,34.5748833494189,132.408269264828,2102 2,,0,,,,
2103 1,,大畠,,34.5717169899921,132.406469560093,2103 1,,0,,,,
2103 2,,大畠,,34.5717503191783,132.406436227993,2103 2,,0,,,,
2104 1,,万福寺,,34.5678174175755,132.407069689815,2104 1,,0,,,,
2104 2,,万福寺,,34.5678174167023,132.407019693967,2104 2,,0,,,,
2105 1,,平,,34.5653843017003,132.404620005296,2105 1,,0,,,,
2105 2,,平,,34.5654009654202,132.404553343398,2105 2,,0,,,,
2106 1,,小峠,,34.5634011601098,132.403453526822,2106 1,,0,,,,
2106 2,,小峠,,34.5633944,132.4033824,2106 2,,0,,,,
2107 1,,小峠下,,34.5593015895818,132.402937091816,2107 1,,0,,,,
2107 2,,小峠下,,34.5593015881264,132.402853765403,2107 2,,0,,,,
2108 1,,宇賀井野,,34.5518189943027,132.399371065854,2108 1,,0,,,,
2108 2,,宇賀井野,,34.5518189934295,132.399321070006,2108 2,,0,,,,
2109 1,,小浜,,34.5474972,132.4028136,2109 1,,0,,,,
2109 2,,小浜,,34.5474361865248,132.402620997764,2109 2,,0,,,,
2110 1,,上布,,34.5338539,132.4079951,2110 1,,0,,,,
2110 2,,上布,,34.533604435122,132.408487814104,2110 2,,0,,,,
2111 1,,布,,34.5334544924959,132.410854291142,2111 1,,0,,,,
2111 2,,布,,34.533371167493,132.410820964413,2111 2,,0,,,,
2112 1,,油木,,34.5402039586125,132.421619752955,2112 1,,0,,,,
2112 2,,油木,,34.5401539648332,132.421669751105,2112 2,,0,,,,
2113 1,,飯室西,,34.5443156,132.429543,2113 1,,0,,,,
2113 2,,飯室西,,34.5442855,132.4296198,2113 2,,0,,,,
2114 1,,グリーンライフ入口,,34.5340554569555,132.469749372286,2114 1,,0,,,,
2114 2,,グリーンライフ入口,,34.5340554569555,132.469749372286,2114 2,,0,,,,
2115 1,,鈴張,,34.5823000626004,132.456348263729,2115 1,,0,,,,
2115 2,,鈴張,,34.582300060563,132.45623160675,2115 2,,0,,,,
2116 1,,広浜橋,,34.5833499823203,132.458181396477,2116 1,,0,,,,
2116 2,,広浜橋,,34.5835166509545,132.459314628022,2116 2,,0,,,,
2117 1,,中祖,,34.583666678863,132.461831078791,2117 1,,0,,,,
2117 2,,中祖,,34.5838999965555,132.462364357093,2117 2,,0,,,,
2118 1,,林橋,,34.5850332607798,132.465347390505,2118 1,,0,,,,
2118 2,,林橋,,34.5851165843274,132.46529739082,2118 2,,0,,,,
2119 1,,戸崎,,34.5872331101902,132.470196886462,2119 1,,0,,,,
2119 2,,戸崎,,34.5873164337378,132.470146886778,2119 2,,0,,,,
2120 1,,城谷,,34.5890496736682,132.475413036286,2120 1,,0,,,,
2120 2,,城谷,,34.5891329966337,132.475329706036,2120 2,,0,,,,
2121 1,,関ノ城,,34.5901663134666,132.480712544749,2121 1,,0,,,,
2121 2,,関ノ城,,34.5902496370142,132.480662545064,2121 2,,0,,,,
2122 1,,竹迫,,34.5917661772746,132.482712305002,2122 1,,0,,,,
2122 2,,竹迫,,34.5918161704717,132.482628976287,2122 2,,0,,,,
2123 1,,藪谷,,34.5967490405108,132.486311776624,2123 1,,0,,,,
2123 2,,藪谷,,34.5968156985921,132.486228447142,2123 2,,0,,,,
2124 1,,笹原,,34.5997488055255,132.491227896882,2124 1,,0,,,,
2124 2,,笹原,,34.5997987990137,132.49116123345,2124 2,,0,,,,
2125 1,,明神峠,,34.602665218759,132.494577484411,2125 1,,0,,,,
2125 2,,明神峠,,34.6027152102098,132.494394164,2125 2,,0,,,,
2126 1,,丸押,,34.6058149234891,132.496960474805,2126 1,,0,,,,
2126 2,,丸押,,34.6059815702933,132.496843810154,2126 2,,0,,,,
2127 1,,桑ノ木,,34.6148140552447,132.502359612031,2127 1,,0,,,,
2127 2,,桑ノ木,,34.6148640475686,132.502226287468,2127 2,,0,,,,
2128 1,,新光,,34.6216133521432,132.50374251743,2128 1,,0,,,,
2128 2,,新光,,34.6216133495236,132.503592529886,2128 2,,0,,,,
2129 1,,片山橋,,34.6257129503226,132.505842154284,2129 1,,0,,,,
2129 2,,片山橋,,34.6257796078218,132.505725494236,2129 2,,0,,,,
2130 1,,大栗,,34.6289126363161,132.507458539376,2130 1,,0,,,,
2130 2,,大栗,,34.6289626289311,132.507341880096,2130 2,,0,,,,
2131 1,,田中橋,,34.6348453775751,132.509891397479,2131 1,,0,,,,
2131 2,,田中橋,,34.6348620398397,132.509741409168,2131 2,,0,,,,
2132 1,,森藤,,34.6389449676047,132.51152440642,2132 1,,0,,,,
2132 2,,森藤,,34.6388616399821,132.511341092148,2132 2,,0,,,,
2133 1,,本地,,34.6421446524339,132.513074130382,2133 1,,0,,,,
2133 2,,本地,,34.6421946450489,132.512957471101,2133 2,,0,,,,
2134 1,,本地市,,34.6442277900239,132.514623905752,2134 1,,0,,,,
2134 2,,本地市,,34.6442944478142,132.514523910988,2134 2,,0,,,,
2135 1,,別所口,,34.6476941511295,132.51835676946,2135 1,,0,,,,
2135 2,,別所口,,34.6477274779872,132.518190115099,2135 2,,0,,,,
2136 1,,千坊,,34.650960528677,132.521806332571,2136 1,,0,,,,
2136 2,,千坊,,34.6510271858851,132.521673007241,2136 2,,0,,,,
2137 1,,下本地,,34.6557267734508,132.526839028474,2137 1,,0,,,,
2137 2,,下本地,,34.6557907,132.526791,2137 2,,0,,,,
2138 1,,城ヶ峠,,34.6586765301328,132.53097188275,2138 1,,0,,,,
2138 2,,城ヶ峠,,34.658776515945,132.530771894755,2138 2,,0,,,,
2139 1,,小南,,34.6617262120852,132.531438370248,2139 1,,0,,,,
2139 2,,小南,,34.6617428743497,132.531288381937,2139 2,,0,,,,
2140 1,,有田,,34.6679755861434,132.533871213772,2140 1,,0,,,,
2140 2,,有田,,34.6679422540465,132.533737893046,2140 2,,0,,,,
2141 1,,頼信,,34.6725584426783,132.534637605765,2141 1,,0,,,,
2141 2,,頼信,,34.6725417757567,132.534520949554,2141 2,,0,,,,
2142 1,,広島北部農協千代田本部前,,34.6753797,132.5368414,2142 1,,0,,,,
2142 2,,広島北部農協千代田本部前,,34.6754895,132.536479,2142 2,,0,,,,
2143 1,,北広島町役場前,,34.6753582139475,132.538687140535,2143 1,,0,,,,
2143 2,,北広島町役場前,,34.6755581928486,132.53870379661,2143 2,,0,,,,
2144 0,,千代田インター,,34.674958298059,132.541053629081,2144 0,,0,,,,
2144 1,,千代田インター,,34.67495829835,132.541070294364,2144 1,,0,,,,
2144 2,,千代田インター,,34.6749749632342,132.541070293597,2144 2,,0,,,,
2145 1,,壬生口,,34.6757080857022,132.533487556245,2145 1,,0,,,,
2145 2,,壬生口,,34.6758747319243,132.533337561028,2145 2,,0,,,,
2146 1,,千代田ＮＴＴ前,,34.6790410418698,132.532304167719,2146 1,,0,,,,
2146 2,,千代田ＮＴＴ前,,34.6791576934394,132.532154174804,2146 2,,0,,,,
2147 1,,八重,,34.6818573691642,132.530120886023,2147 1,,0,,,,
2147 2,,八重,,34.6817907087544,132.530070893244,2147 2,,0,,,,
2148 1,,八重三丁目,,34.6824739337861,132.528054362588,2148 1,,0,,,,
2148 2,,八重三丁目,,34.6824239370962,132.527937707912,2148 2,,0,,,,
2149 1,,八重新地,,34.6829738383975,132.525654538872,2149 1,,0,,,,
2149 2,,八重新地,,34.6828738479283,132.525587882346,2149 2,,0,,,,
2150 1,,今田口,,34.6839737163121,132.524787898138,2150 1,,0,,,,
2150 2,,今田口,,34.6839737136925,132.524637910595,2150 2,,0,,,,
2151 1,,八重小学校入口,,34.6872566615274,132.522671256088,2151 1,,0,,,,
2151 2,,八重小学校入口,,34.6869900248361,132.522754594778,2151 2,,0,,,,
2152 1,,八重五日市,,34.6879232429229,132.52187129183,2152 1,,0,,,,
2152 2,,八重五日市,,34.687856582222,132.521804633769,2152 2,,0,,,,
2153 0,,千代田高校前,,34.6906645,132.519511,2153 0,,0,,,,
2153 1,,千代田高校前,,34.6906931,132.5195409,2153 1,,0,,,,
2999 0,,可部駅前,,34.5126369,132.5103074,2999 0,,0,,,,
2999 1,,可部駅前,,34.5125491,132.5104054,2999 1,,0,,,,1
2999 2,,可部駅前,,34.5124524,132.5104353,2999 2,,0,,,,2
2999 3,,可部駅前,,34.5123493,132.5104665,2999 3,,0,,,,3
2999 4,,可部駅前,,34.512183,132.5105182,2999 4,,0,,,,4
3001 2,,下浜ヶ谷,,34.559509,132.5489011,3001 2,,0,,,,
3002 2,,大杉,,34.5568753,132.5466485,3002 2,,0,,,,
3003 2,,大林,,34.5540905,132.5441163,3003 2,,0,,,,
3003 4,,大林,,34.5540913,132.5441161,3003 4,,0,,,,
3004 0,,大林車庫,,34.5525234,132.5431379,3004 0,,0,,,,
3004 1,,大林車庫,,34.552469,132.5430931,3004 1,,0,,,,
3005 1,,洞庭,,34.552034,132.542356,3005 1,,0,,,,
3005 2,,洞庭,,34.5523847,132.5425851,3005 2,,0,,,,
3005 3,,洞庭,,34.5520372,132.542354,3005 3,,0,,,,
3005 4,,洞庭,,34.5523865,132.542585,3005 4,,0,,,,
3005 5,,洞庭,,34.5523911,132.5425848,3005 5,,0,,,,
3006 1,,下大林,,34.5499702,132.5394725,3006 1,,0,,,,
3006 2,,下大林,,34.5497183,132.5389954,3006 2,,0,,,,
3006 3,,下大林,,34.5499693,132.5394723,3006 3,,0,,,,
3006 4,,下大林,,34.5497176,132.5389942,3006 4,,0,,,,
3006 5,,下大林,,34.549964,132.5394727,3006 5,,0,,,,
3007 1,,大林二丁目,,34.5489684,132.5382165,3007 1,,0,,,,
3007 3,,大林二丁目,,34.5489678,132.5382179,3007 3,,0,,,,
3007 5,,大林二丁目,,34.5489666,132.538218,3007 5,,0,,,,
3008 1,,上町屋,,34.5470224,132.535402,3008 1,,0,,,,
3008 2,,上町屋,,34.5468332,132.5350149,3008 2,,0,,,,
3008 3,,上町屋,,34.5470178,132.5354007,3008 3,,0,,,,
3008 4,,上町屋,,34.5468294,132.5350147,3008 4,,0,,,,
3008 5,,上町屋,,34.5470178,132.5354008,3008 5,,0,,,,
3009 1,,町屋,,34.5434158,132.5307761,3009 1,,0,,,,
3009 2,,町屋,,34.5432657,132.5304715,3009 2,,0,,,,
3009 3,,町屋,,34.5434146,132.5307795,3009 3,,0,,,,
3009 4,,町屋,,34.5432612,132.5304703,3009 4,,0,,,,
3009 5,,町屋,,34.5434118,132.5307762,3009 5,,0,,,,
3010 1,,町屋記念碑前,,34.5396589,132.526264,3010 1,,0,,,,
3010 2,,町屋記念碑前,,34.5396873,132.5261015,3010 2,,0,,,,
3010 3,,町屋記念碑前,,34.539651,132.5262661,3010 3,,0,,,,
3010 5,,町屋記念碑前,,34.5396491,132.5262646,3010 5,,0,,,,
3011 1,,三入,,34.5368834,132.5229443,3011 1,,0,,,,
3011 2,,三入,,34.536674,132.5225544,3011 2,,0,,,,
3011 3,,三入,,34.5368745,132.522945,3011 3,,0,,,,
3011 5,,三入,,34.5368844,132.522947,3011 5,,0,,,,
3012 1,,下町屋,,34.534525,132.5204923,3012 1,,0,,,,
3012 2,,下町屋,,34.5338201,132.5196659,3012 2,,0,,,,
3012 3,,下町屋,,34.5345232,132.5204917,3012 3,,0,,,,
3012 5,,下町屋,,34.5345199,132.5204897,3012 5,,0,,,,
3012 6,,下町屋,,34.5338172,132.5196639,3012 6,,0,,,,
3013 1,,土居橋,,34.5311259,132.517396,3013 1,,0,,,,
3013 2,,土居橋,,34.5315333,132.5175766,3013 2,,0,,,,
3013 3,,土居橋,,34.5311242,132.5173955,3013 3,,0,,,,
3013 5,,土居橋,,34.5311218,132.5173956,3013 5,,0,,,,
3013 6,,土居橋,,34.531535,132.517577,3013 6,,0,,,,
3014 1,,南原口,,34.5283998,132.5151978,3014 1,,0,,,,
3014 2,,南原口,,34.5295116,132.5157839,3014 2,,0,,,,
3014 3,,南原口,,34.528403,132.5151985,3014 3,,0,,,,
3014 5,,南原口,,34.5284007,132.5151972,3014 5,,0,,,,
3014 6,,南原口,,34.5295116,132.5157845,3014 6,,0,,,,
3015 1,,可部中学校前,,34.5241776,132.5134082,3015 1,,0,,,,
3015 2,,可部中学校前,,34.5247718,132.5134931,3015 2,,0,,,,
3015 3,,可部中学校前,,34.5241731,132.5134082,3015 3,,0,,,,
3015 5,,可部中学校前,,34.5241808,132.5134062,3015 5,,0,,,,
3015 6,,可部中学校前,,34.5247718,132.5134958,3015 6,,0,,,,
3016 0,,桐陽台駐車場,,34.5396245,132.5497604,3016 0,,0,,,,
3016 1,,桐陽台駐車場,,34.5395199,132.5498227,3016 1,,0,,,,
3017 0,,桐陽台上,,34.5384797,132.5488181,3017 0,,0,,,,
3017 1,,桐陽台上,,34.538209,132.5487452,3017 1,,0,,,,
3017 2,,桐陽台上,,34.5384752,132.5488195,3017 2,,0,,,,
3018 1,,桐陽台,,34.5363597,132.5471856,3018 1,,0,,,,
3018 2,,桐陽台,,34.5372089,132.5477923,3018 2,,0,,,,
3019 1,,近隣公園前,,34.5350245,132.5447669,3019 1,,0,,,,
3019 2,,近隣公園前,,34.5351266,132.5447857,3019 2,,0,,,,
3020 1,,広島中等教育学校,,34.5346001,132.541839,3020 1,,0,,,,
3020 2,,広島中等教育学校,,34.5347307,132.5421282,3020 2,,0,,,,
3021 1,,三入中学校,,34.534737,132.53721,3021 1,,0,,,,
3021 2,,三入中学校,,34.5346862,132.5377915,3021 2,,0,,,,
3022 1,,三入東小学校,,34.5373249,132.5358633,3022 1,,0,,,,
3022 2,,三入東小学校,,34.5370347,132.5359926,3022 2,,0,,,,
3023 1,,有楽橋,,34.5399976,132.5317082,3023 1,,0,,,,
3023 2,,有楽橋,,34.5397611,132.532412,3023 2,,0,,,,
3024 1,,桐陽台入口,,34.5420611,132.5299577,3024 1,,0,,,,
3024 2,,桐陽台入口,,34.5419219,132.5303117,3024 2,,0,,,,
3025 0,,桐原,,34.5306732,132.5402545,3025 0,,0,,,,
3025 1,,桐原,,34.5306116,132.5400977,3025 1,,0,,,,
3026 1,,公会堂前,,34.5309514,132.5373713,3026 1,,0,,,,
3026 2,,公会堂前,,34.5310292,132.5373572,3026 2,,0,,,,
3027 1,,中桐原,,34.5324616,132.5346517,3027 1,,0,,,,
3027 2,,中桐原,,34.5325246,132.5347607,3027 2,,0,,,,
3028 1,,山根,,34.5349148,132.5313268,3028 1,,0,,,,
3028 2,,山根,,34.5350494,132.5311145,3028 2,,0,,,,
3030 1,,下桐原,,34.5349933,132.5241783,3030 1,,0,,,,
3030 2,,下桐原,,34.5350554,132.5241856,3030 2,,0,,,,
3032 0,,訓練場前,,34.55607042,132.5069953,3032 0,,0,,,,
3032 1,,訓練場前,,34.5561394,132.5071278,3032 1,,0,,,,
3033 0,,研修センター前,,34.55475392,132.5083952,3033 0,,0,,,,
3033 1,,研修センター前,,34.5547769,132.5084968,3033 1,,0,,,,
3034 1,,スポーツセンター前,,34.55520393,132.5115949,3034 1,,0,,,,
3034 2,,スポーツセンター前,,34.5551256,132.5117168,3034 2,,0,,,,
3035 1,,変電所口,,34.5535487,132.5129867,3035 1,,0,,,,
3035 2,,変電所口,,34.5534316,132.5129388,3035 2,,0,,,,
3036 1,,南原中組,,34.5492601,132.5143831,3036 1,,0,,,,
3036 2,,南原中組,,34.549196,132.5143149,3036 2,,0,,,,
3037 1,,砂屋,,34.547455,132.5143935,3037 1,,0,,,,
3037 2,,砂屋,,34.5474604,132.5143012,3037 2,,0,,,,
3038 1,,幡崎神社前,,34.5451429,132.514171,3038 1,,0,,,,
3038 2,,幡崎神社前,,34.54513838,132.5140618,3038 2,,0,,,,
3039 1,,南原下組,,34.5419687,132.5141941,3039 1,,0,,,,
3039 2,,南原下組,,34.54195539,132.514112,3039 2,,0,,,,
3040 1,,重清橋,,34.5403313,132.5145391,3040 1,,0,,,,
3040 2,,重清橋,,34.5403366,132.5144722,3040 2,,0,,,,
3041 1,,九品寺上,,34.5392256,132.513798,3041 1,,0,,,,
3041 2,,九品寺上,,34.5391658,132.5136558,3041 2,,0,,,,
3042 1,,九品寺,,34.5359903,132.5130461,3042 1,,0,,,,
3042 2,,九品寺,,34.53597267,132.5129457,3042 2,,0,,,,
3043 1,,南原ダム口,,34.5311809,132.5161271,3043 1,,0,,,,
3043 2,,南原ダム口,,34.53115658,132.516079,3043 2,,0,,,,
3044 0,,南原,,34.5526434,132.4947009,3044 0,,0,,,,
3044 1,,南原,,34.5527766,132.4946488,3044 1,,0,,,,
3045 1,,鳥屋ヶ森,,34.5541932,132.4975164,3045 1,,0,,,,
3045 2,,鳥屋ヶ森,,34.554138,132.4975034,3045 2,,0,,,,
3046 1,,紙田,,34.553901,132.4995899,3046 1,,0,,,,
3046 2,,紙田,,34.55388719,132.4995293,3046 2,,0,,,,
3047 1,,平原口,,34.5541316,132.5044332,3047 1,,0,,,,
3047 2,,平原口,,34.5540587,132.5044074,3047 2,,0,,,,
3048 1,,横林口,,34.5543761,132.5057841,3048 1,,0,,,,
3048 2,,横林口,,34.5543292,132.5057497,3048 2,,0,,,,
3049 1,,岩滝,,34.5526765,132.5084077,3049 1,,0,,,,
3049 2,,岩滝,,34.5526652,132.5083024,3049 2,,0,,,,
3050 1,,大迫前,,34.5488457,132.5103277,3050 1,,0,,,,
3050 2,,大迫前,,34.548828,132.5102583,3050 2,,0,,,,
3051 0,,公会堂前,,34.5447479,132.5102011,3051 0,,0,,,,
3051 1,,公会堂前,,34.5447458,132.5102033,3051 1,,0,,,,
3051 2,,公会堂前,,34.5447428,132.5102015,3051 2,,0,,,,
3052 1,,小南原,,34.5436167,132.5108178,3052 1,,0,,,,
3052 2,,小南原,,34.5436001,132.5107121,3052 2,,0,,,,
3053 1,,小南原口,,34.5406133,132.5118197,3053 1,,0,,,,
3053 2,,小南原口,,34.5405971,132.5117292,3053 2,,0,,,,
3054 1,,三入神社前,,34.5350102,132.5283606,3054 1,,0,,,,
3054 2,,三入神社前,,34.5351114,132.5283569,3054 2,,0,,,,
3055 1,,丸子山,,34.5354931,132.5269888,3055 1,,0,,,,
3055 2,,丸子山,,34.5355624,132.5271456,3055 2,,0,,,,
3901 0,,市川桧山,,34.55055,132.5834339,3901 0,,0,,,,
3901 1,,市川桧山,,34.5505466,132.5834354,3901 1,,0,,,,
3902 1,,白木分れ,,34.5452682,132.5777768,3902 1,,0,,,,
3902 2,,白木分れ,,34.5452411,132.5777237,3902 2,,0,,,,
3903 1,,草田,,34.5509632,132.56469,3903 1,,0,,,,
3903 2,,草田,,34.5509176,132.5646575,3903 2,,0,,,,
3904 1,,登尾口,,34.5538762,132.5517628,3904 1,,0,,,,
3904 2,,登尾口,,34.5539278,132.5517425,3904 2,,0,,,,
3905 1,,大林小学校前,,34.5540795,132.5458562,3905 1,,0,,,,
3905 2,,大林小学校前,,34.5541797,132.5458671,3905 2,,0,,,,
3906 1,,桧山白木分れ,,34.5482544,132.5877613,3906 1,,0,,,,
3906 2,,桧山白木分れ,,34.548214,132.5877179,3906 2,,0,,,,
3907 1,,白木分れ草田,,34.549888,132.5674234,3907 1,,0,,,,
3907 2,,白木分れ草田,,34.5499297,132.5673832,3907 2,,0,,,,
3908 1,,草田登尾口,,34.5581389,132.5629739,3908 1,,0,,,,
3908 2,,草田登尾口,,34.55823783,132.5629239,3908 2,,0,,,,
4001 0,,矢口駅前,,34.4636869,132.495545,4001 0,,0,,,,
4001 1,,矢口駅前,,34.4636821,132.4955457,4001 1,,0,,,,
4001 8,,矢口駅前,,34.4636755,132.4955372,4001 8,,0,,,,
4001 9,,矢口駅前,,34.4636694,132.4955394,4001 9,,0,,,,
4002 1,,安佐大橋,,34.4651031,132.4913505,4002 1,,0,,,,
4002 2,,安佐大橋,,34.465166,132.4912803,4002 2,,0,,,,
4003 1,,中調子,,34.4631896,132.4894412,4003 1,,0,,,,
4003 2,,中調子,,34.4632361,132.4893906,4003 2,,0,,,,
4004 1,,下調子,,34.4601759,132.4857046,4004 1,,0,,,,
4004 2,,下調子,,34.4603477,132.4858969,4004 2,,0,,,,
4005 1,,川内一丁目,,34.4587085,132.4814074,4005 1,,0,,,,
4005 2,,川内一丁目,,34.4587497,132.4814486,4005 2,,0,,,,
4006 1,,小瀬大橋,,34.459841,132.4777335,4006 1,,0,,,,
4006 2,,小瀬大橋,,34.4599218,132.4777865,4006 2,,0,,,,
4007 1,,上古市,,34.4563684,132.4756113,4007 1,,0,,,,
4007 2,,上古市,,34.4562229,132.4754702,4007 2,,0,,,,
4008 1,,中古市,,34.4545951,132.4742027,4008 1,,0,,,,
4008 2,,中古市,,34.4546546,132.4741934,4008 2,,0,,,,
4009 1,,下古市,,34.4524561,132.4709159,4009 1,,0,,,,
4009 2,,下古市,,34.4523855,132.4706956,4009 2,,0,,,,
4010 1,,古市橋駅前,,34.4504121,132.4683719,4010 1,,0,,,,
4010 2,,古市橋駅前,,34.4505111,132.4682807,4010 2,,0,,,,
4011 1,,広島経済大学入口,,34.4448653,132.4670366,4011 1,,0,,,,
4011 2,,広島経済大学入口,,34.4454,132.4668537,4011 2,,0,,,,
4012 1,,上祇園,,34.4430008,132.4665135,4012 1,,0,,,,
4012 2,,上祇園,,34.4427679,132.4663314,4012 2,,0,,,,
4013 1,,中祇園,,34.4408853,132.4651519,4013 1,,0,,,,
4013 2,,中祇園,,34.4409497,132.4651257,4013 2,,0,,,,
4014 1,,下祇園,,34.4384661,132.4628609,4014 1,,0,,,,
4014 2,,下祇園,,34.4383996,132.462707,4014 2,,0,,,,
4015 1,,安芸山本,,34.4336321,132.4602598,4015 1,,0,,,,
4015 2,,安芸山本,,34.4335806,132.4601642,4015 2,,0,,,,
4016 1,,長束,,34.4290481,132.4582667,4016 1,,0,,,,
4016 2,,長束,,34.4285386,132.4578575,4016 2,,0,,,,
4017 1,,新庄橋北,,34.4254883,132.4551744,4017 1,,0,,,,
4017 2,,新庄橋北,,34.4260155,132.4560184,4017 2,,0,,,,
4018 1,,新庄橋,,34.4221683,132.4555339,4018 1,,0,,,,
4018 2,,新庄橋,,34.4223264,132.4554697,4018 2,,0,,,,
4019 1,,三篠北町中央,,34.4196137,132.4547588,4019 1,,0,,,,
4019 2,,三篠北町中央,,34.419393,132.4545881,4019 2,,0,,,,
4020 1,,三滝口,,34.4168226,132.4536735,4020 1,,0,,,,
4020 2,,三滝口,,34.4173286,132.4537437,4020 2,,0,,,,
4021 2,,三篠金星街,,34.4116189,132.4517826,4021 2,,0,,,,
4022 0,,上原,,34.5134674,132.519852,4022 0,,0,,,,
4022 1,,上原,,34.5134647,132.5198528,4022 1,,0,,,,
4023 0,,可部東四丁目,,34.5134381,132.5211556,4023 0,,0,,,,
4023 1,,可部東四丁目,,34.5135083,132.5211942,4023 1,,0,,,,
4024 0,,可部東四丁目下,,34.5135419,132.5227881,4024 0,,0,,,,
4024 1,,可部東四丁目下,,34.5135574,132.5228536,4024 1,,0,,,,
4025 1,,可部東三丁目上,,34.5128896,132.5232963,4025 1,,0,,,,
4025 2,,可部東三丁目上,,34.5128539,132.52327,4025 2,,0,,,,
4026 1,,可部東三丁目,,34.5114594,132.5231076,4026 1,,0,,,,
4026 2,,可部東三丁目,,34.5114633,132.5230583,4026 2,,0,,,,
4027 1,,可部東三丁目下,,34.5108041,132.5219333,4027 1,,0,,,,
4027 2,,可部東三丁目下,,34.51085885,132.5219628,4027 2,,0,,,,
4028 1,,可部東一丁目,,34.5102768,132.5200472,4028 1,,0,,,,
4028 2,,可部東一丁目,,34.5103115,132.5200038,4028 2,,0,,,,
4029 1,,武田学園前,,34.5082789,132.5178973,4029 1,,0,,,,
4029 2,,武田学園前,,34.5083222,132.5178572,4029 2,,0,,,,
4030 1,,可部南五丁目,,34.5056315,132.5152214,4030 1,,0,,,,
4030 2,,可部南五丁目,,34.5052337,132.5148039,4030 2,,0,,,,
4030 8,,可部南五丁目,,34.5052146,132.5153197,4030 8,,0,,,,
4030 9,,可部南五丁目,,34.5056516,132.5151433,4030 9,,0,,,,
4031 1,,別所団地入口,,34.487611,132.5017689,4031 1,,0,,,,
4031 2,,別所団地入口,,34.4876089,132.5017741,4031 2,,0,,,,
4032 1,,別所団地下,,34.4892681,132.5023661,4032 1,,0,,,,
4032 2,,別所団地下,,34.4892724,132.502367,4032 2,,0,,,,
4033 1,,別所団地中,,34.4904568,132.503406,4033 1,,0,,,,
4033 2,,別所団地中,,34.490459,132.5034043,4033 2,,0,,,,
4034 0,,経済大学正門前,,34.4468108,132.45664,4034 0,,0,,,,
4034 1,,経済大学正門前,,34.4468056,132.4566423,4034 1,,0,,,,
4035 1,,武田山登山口,,34.4459962,132.4564792,4035 1,,0,,,,
4035 2,,武田山登山口,,34.4459436,132.4564614,4035 2,,0,,,,
4036 1,,祇園五丁目,,34.445377,132.4601379,4036 1,,0,,,,
4036 2,,祇園五丁目,,34.4455502,132.4599145,4036 2,,0,,,,
4037 1,,祇園中学校入口,,34.4435299,132.459134,4037 1,,0,,,,
4037 2,,祇園中学校入口,,34.4437109,132.4590488,4037 2,,0,,,,
4038 1,,南下安,,34.440513,132.4574311,4038 1,,0,,,,
4038 2,,南下安,,34.4409185,132.4574577,4038 2,,0,,,,
4039 1,,山本小学校北,,34.4386322,132.4560351,4039 1,,0,,,,
4039 2,,山本小学校北,,34.4388574,132.4560696,4039 2,,0,,,,
4040 1,,西山本,,34.4363928,132.4504382,4040 1,,0,,,,
4040 2,,西山本,,34.4363891,132.4504401,4040 2,,0,,,,
4042 0,,山本東亜ハイツ,,34.4352877,132.4410508,4042 0,,0,,,,
4042 1,,山本東亜ハイツ,,34.4352978,132.4399457,4042 1,,0,,,,
4043 1,,第二東亜ハイツ上,,34.4353572,132.4420848,4043 1,,0,,,,
4043 2,,第二東亜ハイツ上,,34.4354318,132.4421461,4043 2,,0,,,,
4044 1,,第二東亜ハイツ,,34.4349947,132.4443114,4044 1,,0,,,,
4044 2,,第二東亜ハイツ,,34.434838,132.4440194,4044 2,,0,,,,
4045 1,,第一東亜ハイツ上,,34.434999,132.4465833,4045 1,,0,,,,
4045 2,,第一東亜ハイツ上,,34.4349735,132.4464903,4045 2,,0,,,,
4046 1,,山本四丁目,,34.4361416,132.4493658,4046 1,,0,,,,
4046 2,,山本四丁目,,34.4361433,132.4493668,4046 2,,0,,,,
4047 1,,山本小学校前,,34.4360908,132.4535969,4047 1,,0,,,,
4047 2,,山本小学校前,,34.4360385,132.4530644,4047 2,,0,,,,
4047 3,,山本小学校前,,34.4365261,132.454359,4047 3,,0,,,,
4047 4,,山本小学校前,,34.4363246,132.4540419,4047 4,,0,,,,
4048 1,,茅原,,34.4356073,132.456399,4048 1,,0,,,,
4048 2,,茅原,,34.435713,132.4555713,4048 2,,0,,,,
4049 0,,祇園が丘,,34.4320939,132.4448722,4049 0,,0,,,,
4049 1,,祇園が丘,,34.4321387,132.4449463,4049 1,,0,,,,
4050 0,,広島文化学園,,34.4314797,132.4482497,4050 0,,0,,,,
4050 1,,広島文化学園,,34.4314829,132.4482495,4050 1,,0,,,,
4050 2,,広島文化学園,,34.4314827,132.4482495,4050 2,,0,,,,
4051 1,,第一祇園ヶ丘,,34.4317672,132.4492712,4051 1,,0,,,,
4051 2,,第一祇園ヶ丘,,34.4317821,132.4492171,4051 2,,0,,,,
4052 1,,平原会館前,,34.4307311,132.4515325,4052 1,,0,,,,
4052 2,,平原会館前,,34.430687,132.4514921,4052 2,,0,,,,
4053 1,,大師橋,,34.4294155,132.4535439,4053 1,,0,,,,
4053 2,,大師橋,,34.42943303,132.4534555,4053 2,,0,,,,
4054 1,,新庄町,,34.4252873,132.453219,4054 1,,0,,,,
4054 2,,新庄町,,34.4252325,132.4531685,4054 2,,0,,,,
4055 2,,下大町,,34.4572547,132.467093,4055 2,,0,,,,
4056 2,,大町東一丁目,,34.4544561,132.4679639,4056 2,,0,,,,
4057 1,,安佐南区福祉センター前,,34.4568244,132.470026,4057 1,,0,,,,
4057 2,,安佐南区福祉センター前,,34.4564428,132.4703518,4057 2,,0,,,,
4059 1,,大町東二丁目,,34.4633099,132.469583,4059 1,,0,,,,
4060 0,,春日野,,34.449122,132.4430798,4060 0,,0,,,,
4060 1,,春日野,,34.448802,132.4428784,4060 1,,0,,,,
4061 1,,春日野南,,34.4419936,132.4379262,4061 1,,0,,,,
4061 2,,春日野南,,34.4423504,132.4381327,4061 2,,0,,,,
4062 1,,春日野口,,34.4403147,132.4399447,4062 1,,0,,,,
4062 2,,春日野口,,34.4405773,132.4408283,4062 2,,0,,,,
4063 1,,山本七丁目,,34.439935,132.4459146,4063 1,,0,,,,
4063 2,,山本七丁目,,34.4398451,132.4461007,4063 2,,0,,,,
4065 1,,春日野北,,34.4450189,132.4354502,4065 1,,0,,,,
4065 2,,春日野北,,34.4458007,132.4362461,4065 2,,0,,,,
4067 1,,春日野下,,34.4389498,132.4357083,4067 1,,0,,,,
4067 2,,春日野下,,34.4387367,132.4356635,4067 2,,0,,,,
4068 1,,春日野西,,34.4417279,132.4360842,4068 1,,0,,,,
4068 2,,春日野西,,34.442117,132.4345128,4068 2,,0,,,,
4069 1,,長束四丁目,,34.4268534,132.4525468,4069 1,,0,,,,
4069 2,,長束四丁目,,34.42684995,132.4524557,4069 2,,0,,,,
4070 0,,春日野中央,,34.4464042,132.4395574,4070 0,,0,,,,
4070 1,,春日野中央,,34.4459853,132.4392338,4070 1,,0,,,,
4072 0,,イオンモール広島祇園,,34.4429826,132.4605723,4072 0,,0,,,,
4072 1,,イオンモール広島祇園,,34.4429861,132.4605717,4072 1,,0,,,,
4073 1,,西山本上,,34.437288,132.4487259,4073 1,,0,,,,
4073 2,,西山本上,,34.4372985,132.4485759,4073 2,,0,,,,
5001 0,,毘沙門台駐車場,,34.4857593,132.4615546,5001 0,,0,,,,
5001 1,,毘沙門台駐車場,,34.4857571,132.461555,5001 1,,0,,,,
5002 1,,毘沙門台,,34.4845113,132.4621517,5002 1,,0,,,,
5002 2,,毘沙門台,,34.4844214,132.4622048,5002 2,,0,,,,
5003 1,,古畑,,34.4833612,132.4647571,5003 1,,0,,,,
5003 2,,古畑,,34.4833255,132.4645846,5003 2,,0,,,,
5004 1,,毘沙門台三丁目,,34.4819143,132.4647628,5004 1,,0,,,,
5004 2,,毘沙門台三丁目,,34.4821256,132.4645878,5004 2,,0,,,,
5005 1,,毘沙門台小学校前,,34.4804079,132.4654291,5005 1,,0,,,,
5005 2,,毘沙門台小学校前,,34.4804479,132.4662446,5005 2,,0,,,,
5006 1,,毘沙門台東一丁目,,34.4797568,132.4670981,5006 1,,0,,,,
5006 2,,毘沙門台東一丁目,,34.4797785,132.4672875,5006 2,,0,,,,
5007 1,,毘沙門天,,34.4793519,132.4689147,5007 1,,0,,,,
5007 2,,毘沙門天,,34.4793479,132.4689144,5007 2,,0,,,,
5008 1,,安古市高校北口,,34.4813123,132.4628581,5008 1,,0,,,,
5008 2,,安古市高校北口,,34.4811686,132.4627538,5008 2,,0,,,,
5009 1,,安古市高校前,,34.4775508,132.4617774,5009 1,,0,,,,
5009 2,,安古市高校前,,34.4779474,132.461587,5009 2,,0,,,,
5010 1,,毘沙門台上,,34.4758948,132.462163,5010 1,,0,,,,
5010 2,,毘沙門台上,,34.47607819,132.461986,5010 2,,0,,,,
5011 1,,毘沙門台中,,34.4706508,132.4623747,5011 1,,0,,,,
5011 2,,毘沙門台中,,34.4703178,132.4624063,5011 2,,0,,,,
5012 1,,毘沙門台下,,34.4704226,132.4635463,5012 1,,0,,,,
5012 2,,毘沙門台下,,34.4703128,132.4638198,5012 2,,0,,,,
5013 1,,安佐中学校前,,34.4692662,132.4664544,5013 1,,0,,,,
5013 2,,安佐中学校前,,34.4690547,132.4665609,5013 2,,0,,,,
5013 3,,安佐中学校前,,34.4680174,132.4664693,5013 3,,0,,,,
5013 4,,安佐中学校前,,34.4679022,132.4665483,5013 4,,0,,,,
5014 1,,スイミング前,,34.4676808,132.4695324,5014 1,,0,,,,
5014 2,,スイミング前,,34.4676769,132.469533,5014 2,,0,,,,
5014 4,,スイミング前,,34.4679482,132.468776,5014 4,,0,,,,
5014 5,,スイミング前,,34.4676769,132.4695322,5014 5,,0,,,,
5015 1,,ネクスコ西日本前,,34.466005,132.4714612,5015 1,,0,,,,
5015 2,,ネクスコ西日本前,,34.4671415,132.471999,5015 2,,0,,,,
5015 4,,ネクスコ西日本前,,34.466851,132.4707975,5015 4,,0,,,,
5015 5,,ネクスコ西日本前,,34.4671335,132.4720004,5015 5,,0,,,,
5016 0,,大町駅,,34.4614666,132.4701571,5016 0,,0,,,,
5016 1,,大町駅,,34.461227,132.470088,5016 1,,0,,,,4
5016 2,,大町駅,,34.4613183,132.4704694,5016 2,,0,,,,3
5016 4,,大町駅,,34.4614081,132.4703212,5016 4,,0,,,,2
5017 1,,緑井小学校前,,34.4676433,132.4741434,5017 1,,0,,,,
5017 2,,緑井小学校前,,34.4678003,132.4734723,5017 2,,0,,,,
5017 4,,緑井小学校前,,34.4677986,132.4734734,5017 4,,0,,,,
5018 1,,安佐北大橋,,34.5063666,132.4792344,5018 1,,0,,,,
5018 2,,安佐北大橋,,34.50647524,132.4791999,5018 2,,0,,,,
5019 1,,筒瀬集会所前,,34.5054584,132.4738507,5019 1,,0,,,,
5019 2,,筒瀬集会所前,,34.5053422,132.4735404,5019 2,,0,,,,
5020 1,,鳴橋,,34.5028103,132.4708053,5020 1,,0,,,,
5020 2,,鳴橋,,34.5029041,132.4707096,5020 2,,0,,,,
5021 1,,岡田口,,34.4981246,132.4700576,5021 1,,0,,,,
5021 2,,岡田口,,34.4981622,132.469962,5021 2,,0,,,,
5022 1,,筒瀬小学校前,,34.4952414,132.4678551,5022 1,,0,,,,
5022 2,,筒瀬小学校前,,34.4953088,132.4677748,5022 2,,0,,,,
5023 0,,中央１９ｔｈ,,34.4878009,132.4648625,5023 0,,0,,,,
5023 1,,中央１９ｔｈ,,34.4877897,132.4648572,5023 1,,0,,,,
5023 2,,中央１９ｔｈ,,34.4877955,132.4648559,5023 2,,0,,,,
5024 0,,中央ゴルフ場前,,34.4885268874639,132.463685305677,5024 0,,0,,,,
5024 1,,中央ゴルフ場前,,34.4884761,132.4636724,5024 1,,0,,,,
5024 2,,中央ゴルフ場前,,34.4884762,132.463681,5024 2,,0,,,,
5025 0,,グリーンハイツ中,,34.4891225,132.4612274,5025 0,,0,,,,
5025 1,,グリーンハイツ中,,34.4890931,132.4612039,5025 1,,0,,,,
5025 2,,グリーンハイツ中,,34.4890931,132.461211,5025 2,,0,,,,
5026 0,,グリーンハイツ,,34.4896013,132.4592724,5026 0,,0,,,,
5026 1,,グリーンハイツ,,34.4895797,132.4592596,5026 1,,0,,,,
5026 2,,グリーンハイツ,,34.4895786,132.459254,5026 2,,0,,,,
5027 0,,弘億駐車場,,34.4876086,132.4542961,5027 0,,0,,,,
5027 1,,弘億駐車場,,34.4876083,132.4542953,5027 1,,0,,,,
5027 2,,弘億駐車場,,34.4875951,132.4542037,5027 2,,0,,,,
5027 3,,弘億駐車場,,34.4876104,132.4542959,5027 3,,0,,,,
5027 4,,弘億駐車場,,34.4875899,132.4542031,5027 4,,0,,,,
5028 1,,弘億団地北口,,34.4866063,132.4544665,5028 1,,0,,,,
5028 2,,弘億団地北口,,34.4868223,132.4543215,5028 2,,0,,,,
5028 3,,弘億団地北口,,34.4866039,132.4544672,5028 3,,0,,,,
5028 4,,弘億団地北口,,34.4868192,132.4543235,5028 4,,0,,,,
5029 1,,弘億団地上,,34.4854569,132.4552254,5029 1,,0,,,,
5029 2,,弘億団地上,,34.4854137,132.4554576,5029 2,,0,,,,
5029 3,,弘億団地上,,34.4854547,132.4552245,5029 3,,0,,,,
5029 4,,弘億団地上,,34.4854088,132.4554581,5029 4,,0,,,,
5030 1,,弘億団地,,34.4833606,132.4566013,5030 1,,0,,,,
5030 2,,弘億団地,,34.4835606,132.4564557,5030 2,,0,,,,
5031 1,,弘億団地中,,34.4806929,132.456142,5031 1,,0,,,,
5031 2,,弘億団地中,,34.4810787,132.4559392,5031 2,,0,,,,
5032 1,,弘億団地下,,34.4775979,132.4567582,5032 1,,0,,,,
5032 2,,弘億団地下,,34.4785893,132.4564432,5032 2,,0,,,,
5033 1,,弘億団地入口,,34.4754582,132.4562995,5033 1,,0,,,,
5033 2,,弘億団地入口,,34.4754589,132.4560042,5033 2,,0,,,,
5034 1,,弘億団地南口,,34.4759642,132.453944,5034 1,,0,,,,
5034 2,,弘億団地南口,,34.4760409,132.4536979,5034 2,,0,,,,
5035 1,,安東駅,,34.4750676,132.4534311,5035 1,,0,,,,
5035 2,,安東駅,,34.4749234,132.4532626,5035 2,,0,,,,
5036 1,,南部山,,34.472437,132.4563617,5036 1,,0,,,,
5036 2,,南部山,,34.4724403,132.4560107,5036 2,,0,,,,
5037 1,,すみれが丘台,,34.4709343,132.4590949,5037 1,,0,,,,
5037 2,,すみれが丘台,,34.4709942,132.4589149,5037 2,,0,,,,
5038 1,,安東一丁目,,34.4692738,132.4613077,5038 1,,0,,,,
5038 2,,安東一丁目,,34.4693477,132.4610377,5038 2,,0,,,,
5066 0,,サンハイツ下,,34.4819004,132.4477821,5066 0,,0,,,,
5066 1,,サンハイツ下,,34.4819901,132.447803,5066 1,,0,,,,
5067 0,,サンハイツ中,,34.4830697,132.4499459,5067 0,,0,,,,
5067 1,,サンハイツ中,,34.48272,132.4496079,5067 1,,0,,,,
5068 0,,サンハイツ県営住宅,,34.4843344,132.4491938,5068 0,,0,,,,
5068 1,,サンハイツ県営住宅,,34.4839722,132.449299,5068 1,,0,,,,
5069 1,,サンハイツ東,,34.4853542,132.450059,5069 1,,0,,,,
5069 2,,サンハイツ東,,34.4855139,132.4506838,5069 2,,0,,,,
5070 1,,サンハイツ東上,,34.4872936,132.4519753,5070 1,,0,,,,
5070 2,,サンハイツ東上,,34.4871102,132.4518391,5070 2,,0,,,,
5999 0,,中緑井,,34.4672956,132.475957,5999 0,,0,,,,
5999 1,,中緑井,,34.4672987,132.4759576,5999 1,,0,,,,
5999 2,,中緑井,,34.4673002,132.475959,5999 2,,0,,,,
5999 4,,中緑井,,34.4672965,132.4759555,5999 4,,0,,,,
5999 8,,中緑井,,34.467282,132.475955,5999 8,,0,,,,
6001 1,,可部職安前,,34.5017942,132.5145458,6001 1,,0,,,,
6001 2,,可部職安前,,34.501457,132.5144549,6001 2,,0,,,,
6002 1,,中島,,34.4997257,132.5146097,6002 1,,0,,,,
6002 2,,中島,,34.4996299,132.5145213,6002 2,,0,,,,
6003 1,,安佐北区スポーツセンター入口,,34.4972861,132.517054,6003 1,,0,,,,
6003 2,,安佐北区スポーツセンター入口,,34.4972373,132.5168855,6003 2,,0,,,,
6003 8,,安佐北区スポーツセンター入口,,34.4972981,132.5168427,6003 8,,0,,,,
6003 9,,安佐北区スポーツセンター入口,,34.4973565,132.5168454,6003 9,,0,,,,
6004 1,,尾和,,34.4944494,132.5206853,6004 1,,0,,,,
6004 2,,尾和,,34.4944934,132.5205344,6004 2,,0,,,,
6005 1,,下深川,,34.490054,132.524545,6005 1,,0,,,,
6005 2,,下深川,,34.4899897,132.5244715,6005 2,,0,,,,
6006 1,,深川三丁目,,34.4880579,132.5284266,6006 1,,0,,,,
6006 2,,深川三丁目,,34.4879124,132.5284639,6006 2,,0,,,,
6007 1,,亀崎橋,,34.4847705,132.5303964,6007 1,,0,,,,
6007 2,,亀崎橋,,34.4846196,132.5302318,6007 2,,0,,,,
6008 1,,高陽出張所前,,34.4823148,132.5315818,6008 1,,0,,,,
6008 2,,高陽出張所前,,34.4821899,132.5314823,6008 2,,0,,,,
6009 0,,深川台,,34.47488,132.5371051,6009 0,,0,,,,
6009 1,,深川台,,34.47492,132.5369823,6009 1,,0,,,,
6010 1,,深川台中,,34.4768172,132.5375722,6010 1,,0,,,,
6010 2,,深川台中,,34.477069,132.5377015,6010 2,,0,,,,
6011 1,,第三公園前,,34.4787921,132.5377923,6011 1,,0,,,,
6011 2,,第三公園前,,34.4783778,132.5377404,6011 2,,0,,,,
6012 1,,高陽中学校前,,34.4807808,132.5338303,6012 1,,0,,,,
6012 2,,高陽中学校前,,34.480892,132.534796,6012 2,,0,,,,
6013 1,,中深川,,34.4808666,132.5304885,6013 1,,0,,,,
6013 2,,中深川,,34.4808865,132.5301605,6013 2,,0,,,,
6014 1,,諸木峠,,34.4768699,132.5257008,6014 1,,0,,,,
6014 2,,諸木峠,,34.4770184,132.5255288,6014 2,,0,,,,
6015 1,,諸木,,34.4762255,132.519948,6015 1,,0,,,,
6015 2,,諸木,,34.4764192,132.519853,6015 2,,0,,,,
6015 8,,諸木,,34.4763727,132.5198375,6015 8,,0,,,,
6016 1,,上岩の上,,34.4747227,132.517162,6016 1,,0,,,,
6016 2,,上岩の上,,34.4749524,132.5171466,6016 2,,0,,,,
6016 8,,上岩ノ上,,34.4749141,132.5171568,6016 8,,0,,,,
6016 9,,上岩ノ上,,34.4746986,132.5171641,6016 9,,0,,,,
6017 1,,岩の上,,34.4713804,132.5114646,6017 1,,0,,,,
6017 2,,岩の上,,34.4715622,132.5114709,6017 2,,0,,,,
6017 8,,岩ノ上,,34.4715521,132.5114643,6017 8,,0,,,,
6017 9,,岩ノ上,,34.4713687,132.5114593,6017 9,,0,,,,
6018 1,,中岩の上,,34.4695574,132.5090719,6018 1,,0,,,,
6018 2,,中岩の上,,34.4696188,132.5089018,6018 2,,0,,,,
6018 8,,中岩ノ上,,34.4696111,132.508906,6018 8,,0,,,,
6018 9,,中岩ノ上,,34.4695498,132.5090754,6018 9,,0,,,,
6019 1,,下岩の上,,34.4666803,132.50658,6019 1,,0,,,,
6019 2,,下岩の上,,34.4674796,132.5068792,6019 2,,0,,,,
6019 8,,下岩ノ上,,34.4674741,132.5068832,6019 8,,0,,,,
6019 9,,下岩ノ上,,34.4666744,132.5065852,6019 9,,0,,,,
6020 1,,矢口上,,34.4639678,132.5019394,6020 1,,0,,,,
6020 2,,矢口上,,34.464128,132.5019352,6020 2,,0,,,,
6020 8,,矢口上,,34.4641184,132.5019407,6020 8,,0,,,,
6020 9,,矢口上,,34.4639488,132.5019251,6020 9,,0,,,,
6021 1,,矢口,,34.4620802,132.4983339,6021 1,,0,,,,
6021 2,,矢口,,34.4617843,132.4972654,6021 2,,0,,,,
6021 8,,矢口,,34.462296952518851305491,132.4976336940882585815782,6021 8,,0,,,,
6022 1,,口田,,34.4594047,132.4965618,6022 1,,0,,,,
6022 2,,口田,,34.4595227,132.4963636,6022 2,,0,,,,
6023 1,,上小田,,34.4555334,132.4953958,6023 1,,0,,,,
6023 2,,上小田,,34.4555389,132.495268,6023 2,,0,,,,
6024 1,,小田教円寺前,,34.452738,132.4943354,6024 1,,0,,,,
6024 2,,小田教円寺前,,34.4529725,132.4943257,6024 2,,0,,,,
6025 1,,中小田,,34.4503656,132.493444,6025 1,,0,,,,
6025 2,,中小田,,34.4499183,132.4931701,6025 2,,0,,,,
6026 1,,下小田,,34.4443627,132.491419,6026 1,,0,,,,
6026 2,,下小田,,34.44451,132.4912111,6026 2,,0,,,,
6027 1,,上千足,,34.4412259,132.4900504,6027 1,,0,,,,
6027 2,,上千足,,34.4425146,132.490763,6027 2,,0,,,,
6028 1,,千足,,34.4390844,132.4857104,6028 1,,0,,,,5
6028 2,,千足,,34.4395583,132.4867273,6028 2,,0,,,,4
6029 1,,下千足,,34.4378162,132.4818278,6029 1,,0,,,,
6029 2,,下千足,,34.438089,132.4819604,6029 2,,0,,,,
6030 1,,広島ゴルフ場,,34.4355215,132.4790046,6030 1,,0,,,,
6030 2,,広島ゴルフ場,,34.4364676,132.4798174,6030 2,,0,,,,
6031 1,,天水,,34.4329287,132.4760672,6031 1,,0,,,,
6031 2,,天水,,34.432983,132.4758342,6031 2,,0,,,,
6032 1,,牛田新町四丁目,,34.4283595,132.4713103,6032 1,,0,,,,
6032 2,,牛田新町四丁目,,34.4295973,132.4728148,6032 2,,0,,,,
6033 1,,不動院,,34.4269021,132.4696065,6033 1,,0,,,,
6033 2,,不動院,,34.4267153,132.4686939,6033 2,,0,,,,
6034 1,,牛田新町二丁目,,34.4233181,132.4662852,6034 1,,0,,,,
6034 2,,牛田新町二丁目,,34.4246022,132.4666067,6034 2,,0,,,,
6035 1,,牛田新町一丁目,,34.4203454,132.4654314,6035 1,,0,,,,
6035 2,,牛田新町一丁目,,34.4215933,132.4651018,6035 2,,0,,,,
6036 1,,東区スポーツセンター入口,,34.415573,132.464347,6036 1,,0,,,,1
6036 2,,東区スポーツセンター入口,,34.4170605,132.4644361,6036 2,,0,,,,2
6037 1,,安田学園白島キャンパス,,34.410785,132.462891,6037 1,,0,,,,
6037 2,,安田学園白島キャンパス,,34.4108299,132.4624979,6037 2,,0,,,,
6038 1,,基町,,34.4034381,132.4581077,6038 1,,0,,,,
6038 2,,基町,,34.4036348,132.4579678,6038 2,,0,,,,
6039 1,,工兵橋,,34.4143445,132.464775,6039 1,,0,,,,
6039 2,,工兵橋,,34.4142435,132.4647774,6039 2,,0,,,,
6040 1,,牛田大橋,,34.4106935,132.4673311,6040 1,,0,,,,3
6040 2,,牛田大橋,,34.4105443,132.467353,6040 2,,0,,,,4
6041 1,,神田橋,,34.4094024,132.4690676,6041 1,,0,,,,
6041 2,,神田橋,,34.4089024,132.4695364,6041 2,,0,,,,
6042 1,,饒津裏,,34.406167,132.4709037,6042 1,,0,,,,
6042 2,,饒津裏,,34.4060201,132.4706131,6042 2,,0,,,,
6043 1,,饒津,,34.4047742,132.4693481,6043 1,,0,,,,
6043 2,,饒津,,34.4040879,132.4691004,6043 2,,0,,,,
6044 1,,常盤橋東,,34.4027623,132.4690407,6044 1,,0,,,,
6044 2,,大須賀町・常盤橋東,,34.4012302,132.469672,6044 2,,0,,,,
6046 0,,高陽車庫,,34.4778846,132.5286,6046 0,,0,,,,
6046 1,,高陽車庫,,34.4778942,132.528601,6046 1,,0,,,,
6046 2,,高陽車庫,,34.4781676,132.5282428,6046 2,,0,,,,
6046 3,,高陽車庫,,34.4778836,132.5286005,6046 3,,0,,,,
6046 4,,高陽車庫,,34.4778791610593,132.528647067622,6046 4,,0,,,,
6046 7,,高陽車庫,,34.477892,132.5286012,6046 7,,0,,,,
6047 1,,奥田橋,,34.4776749,132.5271082,6047 1,,0,,,,
6047 2,,奥田橋,,34.4776495,132.5273069,6047 2,,0,,,,
6047 4,,奥田橋,,34.4776791545069,132.527047209698,6047 4,,0,,,,
6048 1,,地区センター,,34.4822492,132.5241619,6048 1,,0,,,,
6048 2,,地区センター,,34.4818716,132.5244948,6048 2,,0,,,,
6048 4,,地区センター,,34.482145292818,132.524147244886,6048 4,,0,,,,
6048 6,,地区センター,,34.48216195712,132.524113913554,6048 6,,0,,,,
6048 7,,地区センター,,34.4822514,132.5241621,6048 7,,0,,,,
6048 8,,地区センター,,34.4818648,132.5244948,6048 8,,0,,,,
6048 9,,地区センター,,34.4818707,132.5244955,6048 9,,0,,,,
6049 1,,郵便局前,,34.4822786,132.522018,6049 1,,0,,,,
6049 2,,郵便局前,,34.4824146,132.5220738,6049 2,,0,,,,
6049 4,,郵便局前,,34.4823119058584,132.522097407452,6049 4,,0,,,,
6049 5,,郵便局前,,34.4824151,132.522075,6049 5,,0,,,,
6049 6,,郵便局前,,34.4822785746348,132.522014082573,6049 6,,0,,,,
6049 7,,郵便局前,,34.4822741,132.5220196,6049 7,,0,,,,
6049 8,,郵便局前,,34.4824173,132.5220735,6049 8,,0,,,,
6049 9,,郵便局前,,34.4823915,132.522076,6049 9,,0,,,,
6050 1,,西山公園前,,34.4863248,132.5240172,6050 1,,0,,,,
6050 2,,西山公園前,,34.4861168,132.5234176,6050 2,,0,,,,
6051 1,,下深川駅前,,34.488477,132.5241592,6051 1,,0,,,,
6051 2,,下深川駅前,,34.4883936,132.5246594,6051 2,,0,,,,
6052 1,,下庄,,34.4870242,132.521737,6052 1,,0,,,,
6052 2,,下庄,,34.4872445,132.521931,6052 2,,0,,,,
6053 1,,堂願橋,,34.4862816,132.520241,6053 1,,0,,,,
6053 2,,堂願橋,,34.486445,132.5204507,6053 2,,0,,,,
6054 1,,近隣センター,,34.4852035,132.5161575,6054 1,,0,,,,
6054 2,,近隣センター,,34.4852003,132.5161649,6054 2,,0,,,,
6054 4,,近隣センター,,34.4853781362683,132.515897781135,6054 4,,0,,,,
6054 5,,近隣センター,,34.4856358,132.5158102,6054 5,,0,,,,
6054 7,,近隣センター,,34.485428,132.5159765,6054 7,,0,,,,
6054 8,,近隣センター,,34.4854137,132.5159711,6054 8,,0,,,,
6055 1,,落合中学校前,,34.4825303,132.5168832,6055 1,,0,,,,
6055 2,,落合中学校前,,34.4825314,132.516884,6055 2,,0,,,,
6055 4,,落合中学校前,,34.4824451411046,132.51729779992,6055 4,,0,,,,
6055 5,,落合中学校前,,34.4827617744859,132.517331115906,6055 5,,0,,,,
6055 7,,落合中学校前,,34.4824457,132.5170895,6055 7,,0,,,,
6055 8,,落合中学校前,,34.4824457,132.5170888,6055 8,,0,,,,
6056 1,,寺迫公園前,,34.4822008,132.519273,6056 1,,0,,,,
6056 2,,寺迫公園前,,34.4822025,132.5192749,6056 2,,0,,,,
6056 4,,寺迫公園前,,34.481978559858,132.519330985883,6056 4,,0,,,,
6056 5,,寺迫公園前,,34.4823118581235,132.519364301102,6056 5,,0,,,,
6056 7,,寺迫公園前,,34.481984,132.5193759,6056 7,,0,,,,
6056 8,,寺迫公園前,,34.4819825,132.5193753,6056 8,,0,,,,
6057 1,,寺迫公園,,34.480631,132.5202325,6057 1,,0,,,,
6057 2,,寺迫公園,,34.4806613,132.5201244,6057 2,,0,,,,
6057 8,,寺迫公園,,34.4806193,132.5202243,6057 8,,0,,,,
6057 9,,寺迫公園,,34.4806502,132.520125,6057 9,,0,,,,
6058 1,,柳ケ迫,,34.479401,132.5228304,6058 1,,0,,,,
6058 2,,柳ケ迫,,34.4795666,132.5225696,6058 2,,0,,,,
6058 6,,柳ヶ迫,,34.4795158,132.5225774,6058 6,,0,,,,
6058 7,,柳ケ迫,,34.4795535,132.522571,6058 7,,0,,,,
6058 8,,柳ケ迫,,34.4793931,132.5228358,6058 8,,0,,,,
6058 9,,柳ケ迫,,34.4793857,132.5228393,6058 9,,0,,,,
6059 1,,北山橋,,34.477073,132.523142,6059 1,,0,,,,
6059 2,,北山橋,,34.477268,132.5229711,6059 2,,0,,,,
6059 6,,北山橋,,34.4771964,132.5229814,6059 6,,0,,,,
6059 7,,北山橋,,34.4772728,132.5229722,6059 7,,0,,,,
6059 8,,北山橋,,34.4770684,132.5231427,6059 8,,0,,,,
6059 9,,北山橋,,34.4770644,132.5231433,6059 9,,0,,,,
6060 1,,高陽車庫上,,34.4765061,132.5283132,6060 1,,0,,,,
6060 2,,高陽車庫上,,34.4762995,132.5283433,6060 2,,0,,,,
6060 7,,高陽車庫上,,34.476513,132.5283119,6060 7,,0,,,,
6061 1,,倉掛センター前,,34.4753593,132.5293252,6061 1,,0,,,,
6061 2,,倉掛センター前,,34.4752253,132.5292908,6061 2,,0,,,,
6061 7,,倉掛センター前,,34.4753553,132.5293277,6061 7,,0,,,,
6062 1,,倉掛小学校前,,34.4730986,132.529616,6062 1,,0,,,,
6062 2,,倉掛小学校前,,34.4733778,132.5293988,6062 2,,0,,,,
6062 7,,倉掛小学校前,,34.4730956,132.5296167,6062 7,,0,,,,
6063 1,,防災センター入口,,34.4718894,132.5295907,6063 1,,0,,,,
6063 2,,防災センター入口,,34.4717031,132.5293925,6063 2,,0,,,,
6063 7,,防災センター入口,,34.4718985,132.5295921,6063 7,,0,,,,
6064 1,,支援学校前,,34.4706589,132.5284805,6064 1,,0,,,,
6064 2,,支援学校前,,34.4707296,132.5283027,6064 2,,0,,,,
6064 7,,支援学校前,,34.470658,132.5284796,6064 7,,0,,,,
6065 1,,浄水場入口,,34.4707066,132.5250344,6065 1,,0,,,,
6065 2,,浄水場入口,,34.4708338,132.5251727,6065 2,,0,,,,
6065 7,,浄水場入口,,34.4707023,132.5250326,6065 7,,0,,,,
6066 1,,高陽東高校前,,34.4718332,132.5238286,6066 1,,0,,,,
6066 2,,高陽東高校前,,34.4719056,132.5239885,6066 2,,0,,,,
6066 7,,高陽東高校前,,34.4718273,132.5238264,6066 7,,0,,,,
6067 1,,光掛中,,34.4737496,132.5227251,6067 1,,0,,,,
6067 2,,光掛中,,34.4735356,132.5230062,6067 2,,0,,,,
6067 7,,光掛中,,34.4737443,132.5227264,6067 7,,0,,,,
6068 1,,諸木陸橋,,34.4761226,132.5228498,6068 1,,0,,,,
6068 2,,諸木陸橋,,34.4757294,132.5230418,6068 2,,0,,,,
6068 7,,諸木陸橋,,34.476125,132.5228491,6068 7,,0,,,,
6069 1,,グランド下,,34.4769457,132.5162214,6069 1,,0,,,,
6069 2,,グランド下,,34.4770623643083,132.516198139105,6069 2,,0,,,,
6069 8,,グランド下,,34.4769193,132.5162242,6069 8,,0,,,,
6069 9,,グランド下,,34.4769211,132.5162215,6069 9,,0,,,,
6070 1,,落合東小学校前,,34.4751616,132.5151314,6070 1,,0,,,,
6070 2,,落合東小学校前,,34.4751792123139,132.515048321309,6070 2,,0,,,,
6070 8,,落合東小学校前,,34.4751497,132.5151288,6070 8,,0,,,,
6070 9,,落合東小学校前,,34.4751519,132.5151299,6070 9,,0,,,,
6071 1,,中山公園前,,34.4764312,132.5135844,6071 1,,0,,,,
6071 2,,中山公園前,,34.4764123860909,132.51346506268,6071 2,,0,,,,
6071 8,,中山公園前,,34.4763899,132.5135928,6071 8,,0,,,,
6071 9,,中山公園前,,34.4764068,132.51358,6071 9,,0,,,,
6072 1,,県営１７号館前,,34.4761779,132.5115567,6072 1,,0,,,,
6072 2,,県営１７号館前,,34.4762623689518,132.511565227368,6072 2,,0,,,,
6072 8,,県営１７号館前,,34.4761715,132.5115587,6072 8,,0,,,,
6072 9,,県営１７号館前,,34.4761790442399,132.511548565922,6072 9,,0,,,,
6073 1,,新玖村橋,,34.4789883,132.5082709,6073 1,,0,,,,
6073 2,,新玖村橋,,34.4789786856934,132.508165384644,6073 2,,0,,,,
6073 8,,新玖村橋,,34.4789799,132.5082748,6073 8,,0,,,,
6073 9,,新玖村橋,,34.4789754,132.5082774,6073 9,,0,,,,
6074 1,,玖村駅前,,34.4812617946167,132.509298518742,6074 1,,0,,,,
6074 2,,玖村駅前,,34.4808618304111,132.508898570374,6074 2,,0,,,,
6074 4,,玖村駅前,,34.4808152,132.5089714,6074 4,,0,,,,
6074 7,,玖村駅前,,34.4811105,132.5092171,6074 7,,0,,,,
6075 1,,矢口が丘上,,34.4572045,132.5094571,6075 1,,0,,,,
6075 2,,矢口が丘上,,34.4572004,132.5094555,6075 2,,0,,,,
6076 1,,口田中学校前,,34.4566856,132.5081032,6076 1,,0,,,,
6076 2,,口田中学校前,,34.4566796,132.5081023,6076 2,,0,,,,
6077 1,,中央公園前,,34.4591272,132.5074654,6077 1,,0,,,,
6077 2,,中央公園前,,34.459083,132.5076966,6077 2,,0,,,,
6077 3,,中央公園前,,34.4591249,132.5074625,6077 3,,0,,,,
6077 4,,中央公園前,,34.4590775,132.5076991,6077 4,,0,,,,
6078 1,,矢口が丘中,,34.4610077,132.5054528,6078 1,,0,,,,
6078 2,,矢口が丘中,,34.4606831,132.5057975,6078 2,,0,,,,
6078 3,,矢口が丘中,,34.4610126,132.5054512,6078 3,,0,,,,
6078 4,,矢口が丘中,,34.4606868,132.5057972,6078 4,,0,,,,
6079 1,,矢口が丘入口,,34.4648504,132.5047726,6079 1,,0,,,,
6079 2,,矢口が丘入口,,34.4648026,132.5049582,6079 2,,0,,,,
6079 3,,矢口が丘入口,,34.4648509,132.5047739,6079 3,,0,,,,
6079 4,,矢口が丘入口,,34.4647998,132.5049588,6079 4,,0,,,,
6080 0,,高陽台,,34.4637148,132.515961,6080 0,,0,,,,
6080 1,,高陽台,,34.4635272,132.5158727,6080 1,,0,,,,
6081 1,,高陽台上,,34.4643702,132.5142989,6081 1,,0,,,,
6081 2,,高陽台上,,34.4644384,132.5141428,6081 2,,0,,,,
6082 1,,高陽台中,,34.4658252,132.5138909,6082 1,,0,,,,
6082 2,,高陽台中,,34.465762,132.5139457,6082 2,,0,,,,
6083 1,,高陽台入口,,34.4663252,132.515828,6083 1,,0,,,,
6083 2,,高陽台入口,,34.4664556,132.5159135,6083 2,,0,,,,
6084 1,,落合小学校前,,34.4682336,132.5135807,6084 1,,0,,,,
6084 2,,落合小学校前,,34.468365,132.5133579,6084 2,,0,,,,
6085 1,,落合集会所前,,34.4684794,132.5118943,6085 1,,0,,,,
6085 2,,落合集会所前,,34.4686454,132.511964,6085 2,,0,,,,
6086 1,,高瀬大橋北,,34.4803166,132.4980799,6086 1,,0,,,,
6086 2,,高瀬大橋北,,34.4802097,132.4982895,6086 2,,0,,,,
6087 1,,八木踏切,,34.482284,132.4976665,6087 1,,0,,,,
6087 2,,八木踏切,,34.482345,132.497726,6087 2,,0,,,,
6088 1,,新白島駅,,34.4078227,132.4609312,6088 1,,0,,,,
6088 2,,新白島駅,,34.4077709,132.4601045,6088 2,,0,,,,
6091 1,,団地入口,,34.4767457809905,132.519031251728,6091 1,,0,,,,
6091 2,,団地入口,,34.4766624498751,132.518647954065,6091 2,,0,,,,
6091 3,,団地入口,,34.4766624571518,132.51906458613,6091 3,,0,,,,
6091 4,,団地入口,,34.4766124563869,132.518714617497,6091 4,,0,,,,
6092 1,,寺迫橋,,34.4781122552126,132.516381408874,6092 1,,0,,,,
6092 2,,寺迫橋,,34.4778456153195,132.516281429455,6092 2,,0,,,,
6092 3,,寺迫橋,,34.4780289316649,132.516431408558,6092 3,,0,,,,
6092 4,,寺迫橋,,34.4778456153195,132.516281429455,6092 4,,0,,,,
6093 1,,真亀山神社前,,34.4836115613304,132.510331658075,6093 1,,0,,,,
6093 2,,真亀山神社前,,34.4837282137731,132.510231661008,6093 2,,0,,,,
6093 7,,真亀山神社前,,34.4835948964462,132.510331658842,6093 7,,0,,,,
6093 8,,真亀山神社前,,34.483711548889,132.510231661775,6093 8,,0,,,,
6999 2,,広島駅,,34.396446,132.4743644,6999 2,,0,,,,20
7010 0,,広島駅新幹線口,,34.3984701,132.4762051,7010 0,,0,,,,1
9001 0,,新玖村橋,,34.4790026,132.5084023,9001 0,,0,,,,
9001 1,,新玖村橋,,34.4789816,132.5082691,9001 1,,0,,,,
9002 0,,玖村駅前,,34.4811054,132.5092151,9002 0,,0,,,,
9002 1,,玖村駅前,,34.4808123,132.5089737,9002 1,,0,,,,
9002 2,,玖村駅前,,34.4811023,132.5092158,9002 2,,0,,,,
9003 1,,近隣センター,,34.485209,132.5161608,9003 1,,0,,,,
9003 2,,近隣センター,,34.4854233,132.5159731,9003 2,,0,,,,
9004 1,,落合中学校前,,34.4825315,132.516884,9004 1,,0,,,,
9004 2,,落合中学校前,,34.4824451,132.517091,9004 2,,0,,,,
9005 1,,寺迫公園前,,34.4822012,132.519274,9005 1,,0,,,,
9005 2,,寺迫公園前,,34.4819801,132.519376,9005 2,,0,,,,
9006 1,,郵便局前,,34.4824154,132.5220724,9006 1,,0,,,,
9006 2,,郵便局前,,34.4822752,132.52202,9006 2,,0,,,,
9006 6,,郵便局前,,34.4822952409743,132.522097408219,9006 6,,0,,,,
9007 1,,地区センター,,34.4818673,132.524496,9007 1,,0,,,,
9007 2,,地区センター,,34.4822549,132.5241625,9007 2,,0,,,,
9007 6,,地区センター,,34.4821786217131,132.524097247504,9007 6,,0,,,,
9008 1,,奥田橋,,34.4776506,132.5273069,9008 1,,0,,,,
9008 2,,奥田橋,,34.4776713,132.5271079,9008 2,,0,,,,
9009 1,,高陽車庫,,34.4781615,132.5282428,9009 1,,0,,,,
9009 2,,高陽車庫,,34.4778885,132.5286013,9009 2,,0,,,,
9010 1,,中深川,,34.4808856,132.5301589,9010 1,,0,,,,
9010 2,,中深川,,34.4808665,132.5304886,9010 2,,0,,,,
9011 1,,高陽中学校前,,34.4808886,132.534797,9011 1,,0,,,,
9011 2,,高陽中学校前,,34.4807857,132.5338321,9011 2,,0,,,,
9012 1,,憩いの森口,,34.4804212,132.538472,9012 1,,0,,,,
9012 2,,憩いの森口,,34.4800351,132.5393798,9012 2,,0,,,,
9013 1,,隠地,,34.4780538,132.5436707,9013 1,,0,,,,
9013 2,,隠地,,34.4776631,132.5441916,9013 2,,0,,,,
9014 1,,安芸中深川,,34.4769668,132.545463,9014 1,,0,,,,
9014 2,,安芸中深川,,34.47707953,132.5451124,9014 2,,0,,,,
9015 1,,安芸庄原,,34.4745983,132.5519408,9015 1,,0,,,,
9015 2,,安芸庄原,,34.4750264,132.5507359,9015 2,,0,,,,
9016 1,,上庄原,,34.4740163,132.5574658,9016 1,,0,,,,
9016 2,,上庄原,,34.4738876,132.5572826,9016 2,,0,,,,
9017 1,,上深川駅前,,34.4751186,132.5613093,9017 1,,0,,,,
9017 2,,上深川駅前,,34.4749785,132.5611859,9017 2,,0,,,,
9018 1,,狩小川小学校前,,34.4815441,132.5681004,9018 1,,0,,,,
9018 2,,狩小川小学校前,,34.4816298,132.5685132,9018 2,,0,,,,
9019 1,,狩留家口,,34.4822407,132.5736428,9019 1,,0,,,,
9019 2,,狩留家口,,34.4821751,132.5737474,9019 2,,0,,,,
9020 1,,狩小川,,34.483033,132.5780547,9020 1,,0,,,,
9020 2,,狩小川,,34.48301281,132.578226,9020 2,,0,,,,
9021 1,,狩留家,,34.4862156,132.5796607,9021 1,,0,,,,
9021 2,,狩留家,,34.4859569,132.5798317,9021 2,,0,,,,
9022 1,,防地,,34.4895598,132.5795336,9022 1,,0,,,,
9022 2,,防地,,34.4902084,132.5795998,9022 2,,0,,,,
9023 1,,三田橋,,34.4944738,132.5821588,9023 1,,0,,,,
9023 2,,三田橋,,34.4943868,132.5820912,9023 2,,0,,,,
9024 1,,白木山口,,34.497312,132.5880533,9024 1,,0,,,,
9024 2,,白木山口,,34.4972001,132.5880794,9024 2,,0,,,,
9025 1,,小椿,,34.5015529,132.5921854,9025 1,,0,,,,
9025 2,,小椿,,34.5014782,132.5922498,9025 2,,0,,,,
9026 1,,下大椿橋,,34.5037764,132.5949589,9026 1,,0,,,,
9026 2,,下大椿橋,,34.5035142,132.5947797,9026 2,,0,,,,
9027 1,,下栗原,,34.5094683,132.6017059,9027 1,,0,,,,
9027 2,,下栗原,,34.509306,132.601466,9027 2,,0,,,,
9028 1,,中三田駅前,,34.5127351,132.6092961,9028 1,,0,,,,
9028 2,,中三田駅前,,34.5126553,132.6093663,9028 2,,0,,,,
9029 1,,下海戸,,34.5177068,132.6139109,9029 1,,0,,,,
9029 2,,下海戸,,34.5181598,132.6143839,9029 2,,0,,,,
9030 1,,海戸,,34.5225384,132.6216994,9030 1,,0,,,,
9030 2,,海戸,,34.5224559,132.6217248,9030 2,,0,,,,
9031 1,,中司,,34.5266459,132.62858,9031 1,,0,,,,
9031 2,,中司,,34.5267708,132.6290906,9031 2,,0,,,,
9032 1,,柳原,,34.5287245,132.6332765,9032 1,,0,,,,
9032 2,,柳原,,34.5283223,132.6325662,9032 2,,0,,,,
9033 0,,鳥井原,,34.5285258,132.6358052,9033 0,,0,,,,
9033 1,,鳥井原,,34.5285204,132.6358103,9033 1,,0,,,,
9033 2,,鳥井原,,34.5284402,132.6359082,9033 2,,0,,,,
9034 1,,三日市,,34.5330933,132.6397854,9034 1,,0,,,,
9034 2,,三日市,,34.5323588,132.63947,9034 2,,0,,,,
9035 1,,妙国寺前,,34.5362485,132.6484735,9035 1,,0,,,,
9035 2,,妙国寺前,,34.5361387,132.6484383,9035 2,,0,,,,
9036 1,,秋山橋,,34.5384029,132.6623739,9036 1,,0,,,,
9036 2,,秋山橋,,34.5383975,132.6626741,9036 2,,0,,,,
9037 1,,白木町本郷,,34.5450969,132.6626536,9037 1,,0,,,,
9037 2,,白木町本郷,,34.5445422,132.6628877,9037 2,,0,,,,
9038 1,,志和口駅入口,,34.5533032,132.6608483,9038 1,,0,,,,
9038 2,,志和口駅入口,,34.5522058,132.6621174,9038 2,,0,,,,
9039 1,,吉井,,34.5591016,132.660545,9039 1,,0,,,,
9039 2,,吉井,,34.5581799,132.660334,9039 2,,0,,,,
9040 1,,河原,,34.5641047,132.6621648,9040 1,,0,,,,
9040 2,,河原,,34.5647012,132.662373,9040 2,,0,,,,
9041 1,,大寺,,34.5717687,132.6650585,9041 1,,0,,,,
9041 2,,大寺,,34.5717294,132.6651935,9041 2,,0,,,,
9042 1,,山根,,34.5759004,132.6703189,9042 1,,0,,,,
9042 2,,山根,,34.575848,132.6703958,9042 2,,0,,,,
9043 1,,井原上市,,34.5809567,132.6760469,9043 1,,0,,,,
9043 2,,井原上市,,34.5809444,132.6761403,9043 2,,0,,,,
9044 1,,井原市町,,34.582741,132.6763229,9044 1,,0,,,,
9044 2,,井原市町,,34.5825539,132.6764228,9044 2,,0,,,,
9045 1,,戸石,,34.5901707,132.6790137,9045 1,,0,,,,
9045 2,,戸石,,34.589979,132.6790002,9045 2,,0,,,,
9046 1,,三篠園前,,34.5932609,132.6806654,9046 1,,0,,,,
9046 2,,三篠園前,,34.5930217,132.6806927,9046 2,,0,,,,
9047 1,,新宮,,34.5951519,132.6826165,9047 1,,0,,,,
9047 2,,新宮,,34.5956013,132.6833501,9047 2,,0,,,,
9048 0,,上井原,,34.5972316,132.6851983,9048 0,,0,,,,
9048 2,,上井原,,34.5971732,132.6852661,9048 2,,0,,,,
9049 1,,上大椿,,34.5068251,132.5992253,9049 1,,0,,,,
9049 2,,上大椿,,34.5067566,132.5992734,9049 2,,0,,,,
9050 2,,三田小学校前,,34.514678,132.6114127,9050 2,,0,,,,
0001,,広島バスセンター,,34.3962111,132.4562788,,,1,,,,
