stop_id,stop_code,stop_name,stop_desc,stop_lat,stop_lon,zone_id,stop_url,location_type,parent_station,stop_timezone,wheelchair_boarding,platform_code
1501 1,,中筋駅,,34.4510145,132.4773249,1501 1,,0,,,,
1501 2,,中筋駅,,34.450978,132.4775769,1501 2,,0,,,,
1502 1,,広島駅新幹線口,,34.398915,132.4765277,1502 1,,0,,,,
1502 2,,広島駅新幹線口,,34.39840342,132.4767384,1502 2,,0,,,,3
2 1,,女学院前,,34.3977982,132.4653075,2 1,,0,,,,1
2002 1,,大塚駅,,34.4424742,132.404323,2002 1,,0,,,,
2002 2,,大塚駅,,34.4420617,132.404412,2002 2,,0,,,,
2004 1,,沼田ＰＡ,,34.4639958,132.4221441,2004 1,,0,,,,
2004 2,,沼田ＰＡ,,34.4629102,132.422693,2004 2,,0,,,,
2005 1,,久地,,34.4896317,132.3963385,2005 1,,0,,,,
2005 2,,久地,,34.4893589,132.395923,2005 2,,0,,,,
2006 1,,広島北インター,,34.5456709,132.4487404,2006 1,,0,,,,
2006 2,,広島北インター,,34.5456871787777,132.448717250048,2006 2,,0,,,,
2007 1,,千代田ＩＣ,,34.6743861,132.5407145,2007 1,,0,,,,
2007 2,,千代田ＩＣ,,34.6743807,132.540708,2007 2,,0,,,,
2008 1,,美土里,,34.7179116,132.6623192,2008 1,,0,,,,
2008 2,,美土里,,34.7182041,132.662222,2008 2,,0,,,,
2009 1,,高宮,,34.7491219,132.7241379,2009 1,,0,,,,
2009 2,,高宮,,34.7492162,132.723792,2009 2,,0,,,,
2010 1,,三次駅前,,34.8028127,132.855373,2010 1,,0,,,,1
2010 2,,三次駅前,,34.8027704,132.855078,2010 2,,0,,,,2
2010 3,,三次駅前,,34.8028962,132.8548282,2010 3,,0,,,,3
2010 4,,三次駅前,,34.8030847,132.8550699,2010 4,,0,,,,4
2012 1,,ＮＴＴ前,,34.80539982,132.8543216,2012 1,,0,,,,
2012 2,,ＮＴＴ前,,34.8050146,132.8553118,2012 2,,0,,,,
2013 1,,三次市役所,,34.8061197,132.8519294,2013 1,,0,,,,
2013 2,,三次市役所,,34.8058481,132.852494,2013 2,,0,,,,
2014 1,,巴橋,,34.8069475,132.8493484,2014 1,,0,,,,
2014 2,,巴橋,,34.8065119,132.8507642,2014 2,,0,,,,
2015 1,,巴橋西詰,,34.8077604,132.8465918,2015 1,,0,,,,
2015 2,,巴橋西詰,,34.8075606,132.8467712,2015 2,,0,,,,
2016 1,,稲荷町,,34.8082082,132.844915,2016 1,,0,,,,
2016 2,,稲荷町,,34.80796605,132.8450723,2016 2,,0,,,,
2017 1,,三次小学校前,,34.8114647,132.8444306,2017 1,,0,,,,
2017 2,,三次小学校前,,34.8114588,132.8443272,2017 2,,0,,,,
2019 1,,Ａシティ中央,,34.4465701,132.3954575,2019 1,,0,,,,
2019 2,,Ａシティ中央,,34.446329,132.3955029,2019 2,,0,,,,
2020 1,,沼田料金所前,,34.4363808,132.4102058,2020 1,,0,,,,
2020 2,,沼田料金所前,,34.4362233,132.4100241,2020 2,,0,,,,
2022 1,,新白島駅,,34.4077544,132.4608545,2022 1,,0,,,,
2022 2,,新白島駅,,34.4077599,132.4601056,2022 2,,0,,,,
3 1,,合同庁舎前,,34.3986289,132.4620084,3 1,,0,,,,
36012 1,,和知,,34.8117009,132.9310056,36012 1,,0,,,,
36012 2,,和知,,34.8119562,132.9307918,36012 2,,0,,,,
36013 1,,庄原中学校前,,34.85458,133.0201586,36013 1,,0,,,,
36013 2,,庄原中学校前,,34.8550636,133.0198925,36013 2,,0,,,,
36013 31,,庄原中学校前,,34.8545778,133.0201626,36013 31,,0,,,,
36013 32,,庄原中学校前,,34.8550727,133.0198866,36013 32,,0,,,,
36014 1,,庄原駅,,34.8621834,133.0166069,36014 1,,0,,,,
36014 2,,庄原駅,,34.8621208,133.0165858,36014 2,,0,,,,
36015 1,,帝釈ＢＳ,,34.871739,133.1644514,36015 1,,0,,,,
36015 2,,帝釈ＢＳ,,34.872042,133.1645774,36015 2,,0,,,,
36016 1,,東城小学校前,,34.8953782,133.2751381,36016 1,,0,,,,
36016 2,,東城小学校前,,34.8953644,133.2750059,36016 2,,0,,,,
36016 22,,東城小学校前,,34.8953854,133.2751388,36016 22,,0,,,,
36016 3,,東城小学校前,,34.8953826,133.2751373,36016 3,,0,,,,
36017 1,,東城駅前,,34.9015103,133.2737348,36017 1,,0,,,,
36017 20,,東城駅前,,34.9016263,133.2736187,36017 20,,0,,,,
36017 3,,東城駅前,,34.9015146,133.2737333,36017 3,,0,,,,
36018 1,,備北丘陵公園,,34.8395823,132.9966563,36018 1,,0,,,,
36053 1,,可部中央,,34.5168487,132.5102411,36053 1,,0,,,,
36053 2,,可部中央,,34.5168387,132.5103464,36053 2,,0,,,,
36054 1,,可部上市,,34.5207406,132.5119939,36054 1,,0,,,,
36054 2,,可部上市,,34.52036,132.5119689,36054 2,,0,,,,
36055 1,,可部中学校前,,34.5247367,132.5134552,36055 1,,0,,,,
36055 2,,可部中学校前,,34.5242977,132.5134591,36055 2,,0,,,,
36056 1,,南原口,,34.5294475,132.5157063,36056 1,,0,,,,
36056 2,,南原口,,34.528379,132.5152108,36056 2,,0,,,,
36057 1,,土居橋,,34.5315311,132.5175645,36057 1,,0,,,,
36057 2,,土居橋,,34.5311271,132.5174055,36057 2,,0,,,,
36058 1,,下町屋,,34.5338057,132.5196431,36058 1,,0,,,,
36058 2,,下町屋,,34.5345244,132.5204938,36058 2,,0,,,,
36059 1,,三入,,34.536656,132.522536,36059 1,,0,,,,
36059 2,,三入,,34.5368779,132.5229738,36059 2,,0,,,,
36060 1,,町屋記念碑,,34.5396382,132.5260466,36060 1,,0,,,,
36060 2,,町屋記念碑,,34.5395972,132.5261822,36060 2,,0,,,,
36061 1,,町屋,,34.5432578,132.5304573,36061 1,,0,,,,
36061 2,,町屋,,34.5434481,132.5308241,36061 2,,0,,,,
36062 1,,上町屋,,34.5468376,132.5350234,36062 1,,0,,,,
36062 2,,上町屋,,34.5469593,132.5353398,36062 2,,0,,,,
36063 2,,大林二丁目,,34.5489981,132.5382081,36063 2,,0,,,,
36064 1,,下大林,,34.5497062,132.5389792,36064 1,,0,,,,
36064 2,,下大林,,34.5499938,132.5395127,36064 2,,0,,,,
36065 1,,洞庭,,34.5523534,132.5425442,36065 1,,0,,,,
36065 2,,洞庭,,34.5519543,132.5422876,36065 2,,0,,,,
36066 1,,大林,,34.5540838,132.5441085,36066 1,,0,,,,
36066 2,,大林,,34.554989,132.5450527,36066 2,,0,,,,
36067 1,,大杉,,34.5568786,132.5466449,36067 1,,0,,,,
36067 2,,大杉,,34.557154,132.547197,36067 2,,0,,,,
36068 1,,下浜が谷,,34.5594491,132.5488773,36068 1,,0,,,,
36068 2,,下浜が谷,,34.5594685,132.5490572,36068 2,,0,,,,
36069 1,,上根バイパス,,34.5841192,132.5821968,36069 1,,0,,,,
36069 2,,上根バイパス,,34.5840078,132.5814964,36069 2,,0,,,,
36080 1,,吉田,,34.6637422,132.7078801,36080 1,,0,,,,
36080 2,,吉田,,34.6637359,132.7078814,36080 2,,0,,,,
36081 1,,吉田２丁目,,34.6636435,132.7046938,36081 1,,0,,,,
36081 2,,吉田２丁目,,34.6636403,132.7046749,36081 2,,0,,,,
36082 1,,吉田税務署前,,34.6636559,132.703104,36082 1,,0,,,,
36082 2,,吉田税務署前,,34.6636572,132.7030974,36082 2,,0,,,,
36083 1,,青迫,,34.6622197,132.6998027,36083 1,,0,,,,
36083 2,,青迫,,34.6612693,132.699256,36083 2,,0,,,,
36084 1,,吉田病院,,34.6653526,132.7013486,36084 1,,0,,,,
36084 2,,吉田病院,,34.664945,132.7008466,36084 2,,0,,,,
36085 1,,安芸高田市役所,,34.6664742,132.7042737,36085 1,,0,,,,
36085 2,,安芸高田市役所,,34.6662625,132.7050582,36085 2,,0,,,,
36086 1,,新町下,,34.6657044,132.706021,36086 1,,0,,,,
36086 2,,新町下,,34.6657028,132.706023,36086 2,,0,,,,
36087 1,,安芸高田警察署,,34.66461,132.7077962,36087 1,,0,,,,
36087 2,,安芸高田警察署,,34.66461232,132.7077903,36087 2,,0,,,,
36088 1,,吉田出張所,,34.6660702,132.7110219,36088 1,,0,,,,
36088 2,,吉田出張所,,34.6660691,132.7110252,36088 2,,0,,,,
36089 1,,大浜,,34.6685759,132.7136438,36089 1,,0,,,,
36089 2,,大浜,,34.6679449,132.7127354,36089 2,,0,,,,
36090 1,,内堀,,34.6725509,132.7159085,36090 1,,0,,,,
36090 2,,内堀,,34.67181,132.7155517,36090 2,,0,,,,
36091 1,,大江橋,,34.6746707,132.7164056,36091 1,,0,,,,
36091 2,,大江橋,,34.6770038,132.7166933,36091 2,,0,,,,
36092 1,,四軒屋,,34.6805816,132.721772,36092 1,,0,,,,
36092 2,,四軒屋,,34.6806714,132.7223517,36092 2,,0,,,,
36093 1,,高屋,,34.680718,132.7305763,36093 1,,0,,,,
36093 2,,高屋,,34.68098,132.7314674,36093 2,,0,,,,
36094 1,,高屋大橋,,34.6812622,132.7346348,36094 1,,0,,,,
36094 2,,高屋大橋,,34.6814279,132.7348914,36094 2,,0,,,,
36098 1,,甲立駅口,,34.6984208,132.7560873,36098 1,,0,,,,
36098 2,,甲立駅口,,34.6983106,132.7557128,36098 2,,0,,,,
36099 1,,甲田小学校,,34.701123,132.7576498,36099 1,,0,,,,
36100 1,,男山神社前,,34.7057015,132.7612244,36100 1,,0,,,,
36101 1,,道木,,34.7103072,132.7644683,36101 1,,0,,,,
36101 2,,道木,,34.7101279,132.7642031,36101 2,,0,,,,
36103 1,,下甲立,,34.7160711,132.768618,36103 1,,0,,,,
36103 2,,下甲立,,34.7159051,132.7683031,36103 2,,0,,,,
36104 1,,上深瀬,,34.7245405,132.7763663,36104 1,,0,,,,
36104 2,,上深瀬,,34.7243628,132.7759263,36104 2,,0,,,,
36105 1,,深瀬,,34.7285834,132.7791357,36105 1,,0,,,,
36105 2,,深瀬,,34.7282612,132.7787976,36105 2,,0,,,,
36106 1,,下深瀬,,34.7354889,132.7830486,36106 1,,0,,,,
36106 2,,下深瀬,,34.7352921,132.7827552,36106 2,,0,,,,
36107 1,,川地中学入口,,34.7388421,132.7839312,36107 1,,0,,,,
36107 2,,川地中学入口,,34.7391818,132.7838569,36107 2,,0,,,,
36108 1,,大鳥公園前,,34.7419094,132.7944074,36108 1,,0,,,,
36108 2,,大鳥公園前,,34.7418061,132.7938912,36108 2,,0,,,,
36109 1,,秋町,,34.7443584,132.7999211,36109 1,,0,,,,
36109 2,,秋町,,34.7445055,132.7998452,36109 2,,0,,,,
36110 1,,志和地,,34.7456382,132.803745,36110 1,,0,,,,
36110 2,,志和地,,34.7456165,132.803548,36110 2,,0,,,,
36111 1,,青河,,34.7616752,132.8175224,36111 1,,0,,,,
36111 2,,青河,,34.7613486,132.8170184,36111 2,,0,,,,
36112 1,,青河橋,,34.7681838,132.8224344,36112 1,,0,,,,
36112 2,,青河橋,,34.7673645,132.8216738,36112 2,,0,,,,
36113 1,,船所,,34.780868,132.8377814,36113 1,,0,,,,
36113 10,,船所,,34.7803657,132.8378692,36113 10,,0,,,,
36113 2,,船所,,34.7808345,132.8374626,36113 2,,0,,,,
36114 1,,大村,,34.785024,132.8300374,36114 1,,0,,,,
36114 2,,大村,,34.7844993,132.830479,36114 2,,0,,,,
36115 1,,粟屋,,34.7951496,132.8354622,36115 1,,0,,,,
36115 2,,粟屋,,34.7961492,132.8358655,36115 2,,0,,,,
36116 1,,三次ロッジ口,,34.8014751,132.8390536,36116 1,,0,,,,
36116 2,,三次ロッジ口,,34.8011495,132.8388319,36116 2,,0,,,,
36117 1,,胡町,,34.80331,132.8463362,36117 1,,0,,,,
36117 2,,胡町,,34.8032776,132.8460397,36117 2,,0,,,,
36118 1,,西町,,34.805319,132.8483037,36118 1,,0,,,,
36118 2,,西町,,34.8053189,132.848304,36118 2,,0,,,,
36119 1,,三次もののけミュージアム,,34.81515,132.8447298,36119 1,,0,,,,
36119 2,,三次もののけミュージアム,,34.81515,132.8447307,36119 2,,0,,,,
36127 1,,上原西,,34.8038834,132.8599925,36127 1,,0,,,,
36127 2,,上原西,,34.8037104,132.8599529,36127 2,,0,,,,
36128 1,,岡竹口,,34.804600081293800854246,132.8645041305455018166908,36128 1,,0,,,,
36128 21,,岡竹口,,34.8046166,132.8647061,36128 21,,0,,,,
36128 22,,岡竹口,,34.8047247,132.8643674,36128 22,,0,,,,
36129 1,,南畑敷町,,34.805033408142334872916,132.8667872542558573944046,36129 1,,0,,,,
36129 21,,南畑敷町,,34.8050267,132.8667754,36129 21,,0,,,,
36129 22,,南畑敷町,,34.8052447,132.8671195,36129 22,,0,,,,
36130 1,,南大下,,34.805650062354507584920,132.8698536378565609626774,36130 1,,0,,,,
36130 21,,南大下,,34.8056266,132.8700131,36130 21,,0,,,,
36130 22,,南大下,,34.8057914,132.8701302,36130 22,,0,,,,
36131 1,,ＲＣＣ中継所前,,34.805783419986393217519,132.8720534490445528762726,36131 1,,0,,,,
36131 21,,ＲＣＣ中継所前,,34.8058108,132.8720878,36131 21,,0,,,,
36131 22,,ＲＣＣ中継所前,,34.8059733,132.8720435,36131 22,,0,,,,
36132 1,,水明園前,,34.804900278548137479474,132.8776363594946979208404,36132 1,,0,,,,
36132 21,,水明園前,,34.8048484,132.8777209,36132 21,,0,,,,
36132 22,,水明園前,,34.8054148,132.8770753,36132 22,,0,,,,
36133 1,,麻原,,34.803550461962753625526,132.8798695687113634538268,36133 1,,0,,,,
36133 21,,麻原,,34.8035613,132.8799004,36133 21,,0,,,,
36133 22,,麻原,,34.8030239,132.8806366,36133 22,,0,,,,
36137 1,,畠敷,,34.802650665460081960104,132.8860024346571152368884,36137 1,,0,,,,
36137 21,,畠敷,,34.8026351,132.8859425,36137 21,,0,,,,
36137 22,,畠敷,,34.8028595,132.8864472,36137 22,,0,,,,
36138 1,,塩迫,,34.802634044436560161718,132.888535558614813480582,36138 1,,0,,,,
36138 21,,塩迫,,34.8020778,132.8900808,36138 21,,0,,,,
36138 22,,塩迫,,34.8020626,132.8903785,36138 22,,0,,,,
36139 1,,四十貫,,34.802917493127870650299,132.8968681863497515835110,36139 1,,0,,,,
36139 21,,四十貫,,34.8031128,132.8973512,36139 21,,0,,,,
36139 22,,四十貫,,34.8033907,132.8975559,36139 22,,0,,,,
36140 1,,上四十貫,,34.8017186,132.9112604,36140 1,,0,,,,
36140 2,,上四十貫,,34.8010847,132.9111929,36140 2,,0,,,,
36140 21,,上四十貫,,34.8010843,132.9111933,36140 21,,0,,,,
36140 22,,上四十貫,,34.8017246,132.9112599,36140 22,,0,,,,
36141 1,,下和知,,34.803217858766728564127,132.9196329488680228813866,36141 1,,0,,,,
36141 21,,下和知,,34.8035991,132.9201804,36141 21,,0,,,,
36141 22,,下和知,,34.8037583,132.920474,36141 22,,0,,,,
36142 1,,和知駅口,,34.805984321669169545012,132.9249157156824126994832,36142 1,,0,,,,
36142 21,,和知駅口,,34.8057444,132.9246246,36142 21,,0,,,,
36142 22,,和知駅口,,34.8059706,132.9248016,36142 22,,0,,,,
36143 1,,和知,,34.809317400640686403090,132.9307484118168441470356,36143 1,,0,,,,
36143 21,,和知,,34.8092583,132.930582,36143 21,,0,,,,
36143 22,,和知,,34.8093697,132.9305927,36143 22,,0,,,,
36144 1,,尾引坂,,34.814033601153500090885,132.9329480119813495863196,36144 1,,0,,,,
36144 21,,尾引坂,,34.8138144,132.9331671,36144 21,,0,,,,
36144 22,,尾引坂,,34.8137195,132.9329931,36144 22,,0,,,,
36145 21,,尾引,,34.8198329,132.935091,36145 21,,0,,,,
36145 22,,尾引,,34.8200555,132.9350681,36145 22,,0,,,,
36146 1,,水越口,,34.827365620256492958443,132.9393468662581834647944,36146 1,,0,,,,
36146 21,,水越口,,34.8267303,132.9385527,36146 21,,0,,,,
36146 22,,水越口,,34.8273079,132.9393286,36146 22,,0,,,,
36147 1,,山内学校前,,34.831265368149506231346,132.948779237079637820425,36147 1,,0,,,,
36147 21,,山内学校前,,34.8315932,132.949648,36147 21,,0,,,,
36147 22,,山内学校前,,34.831584,132.9490981,36147 22,,0,,,,
36148 1,,山内駅口,,34.834048548697310314322,132.9571284157805100746876,36148 1,,0,,,,
36148 21,,山内駅口,,34.8341248,132.9571122,36148 21,,0,,,,
36148 22,,山内駅口,,34.8345274,132.9577773,36148 22,,0,,,,
36149 1,,長橋,,34.836815056069966956334,132.9649109751203515434738,36149 1,,0,,,,
36149 21,,長橋,,34.8372822,132.9661109,36149 21,,0,,,,
36149 22,,長橋,,34.8373328,132.9659101,36149 22,,0,,,,
36150 1,,本郷口,,34.839048247039413642757,132.9704437460195673738964,36150 1,,0,,,,
36150 21,,本郷口,,34.8394257,132.970798,36150 21,,0,,,,
36150 22,,本郷口,,34.8394943,132.9707012,36150 22,,0,,,,
36151 1,,七塚原口,,34.843764579114365006600,132.9801760541754521631544,36151 1,,0,,,,
36151 21,,七塚原口,,34.8439136,132.9803732,36151 21,,0,,,,
36151 22,,七塚原口,,34.84463117,132.9814092,36151 22,,0,,,,
36152 1,,熊野口,,34.847747616049615670619,132.9876252520364315792222,36152 1,,0,,,,
36152 21,,熊野口,,34.8477519,132.9876929,36152 21,,0,,,,
36152 22,,熊野口,,34.8480117,132.9879625,36152 22,,0,,,,
36153 21,,上原学校前,,34.8523646,132.9967519,36153 21,,0,,,,
36153 22,,上原学校前,,34.8521974,132.9957868,36153 22,,0,,,,
36154 1,,三日市,,34.8561993,133.0027512,36154 1,,0,,,,
36154 21,,三日市,,34.8562014,133.0027491,36154 21,,0,,,,
36154 22,,三日市,,34.855841,133.0027133,36154 22,,0,,,,
36155 1,,格致高校入口,,34.8578141,133.0048745,36155 1,,0,,,,
36155 21,,格致高校入口,,34.8578126,133.0048747,36155 21,,0,,,,
36155 22,,格致高校入口,,34.8579493,133.0050375,36155 22,,0,,,,
36156 1,,ジョイフル,,34.8559309,133.0088492,36156 1,,0,,,,
36156 10,,ジョイフル,,34.8559303,133.0088455,36156 10,,0,,,,
36156 11,,ジョイフル,,34.8559325,133.008849,36156 11,,0,,,,
36156 12,,ジョイフル,,34.855932,133.0088469,36156 12,,0,,,,
36156 2,,ジョイフル,,34.8559326,133.008845,36156 2,,0,,,,
36156 4,,ジョイフル,,34.8559326,133.0088464,36156 4,,0,,,,
36156 5,,ジョイフル,,34.8559323,133.008849,36156 5,,0,,,,
36156 6,,ジョイフル,,34.8559304,133.0088469,36156 6,,0,,,,
36156 7,,ジョイフル,,34.8559315,133.0088492,36156 7,,0,,,,
36156 8,,ジョイフル,,34.8559308,133.0088472,36156 8,,0,,,,
36156 9,,ジョイフル,,34.8559315,133.0088475,36156 9,,0,,,,
36157 1,,庄原日赤病院,,34.8583431,133.0107631,36157 1,,0,,,,
36157 2,,日赤前,,34.858430211606156954565,133.0107561721297226856134,36157 2,,0,,,,
36158 1,,みどり信金本店前,,34.8591864,133.0135206,36158 1,,0,,,,
36158 2,,みどり信金本店前,,34.8590301858146,133.012955962109,36158 2,,0,,,,
36158 31,,みどり信金本店前,,34.8591854,133.0135183,36158 31,,0,,,,
36158 32,,みどり信金本店前,,34.8589156,133.0129119,36158 32,,0,,,,
36159 1,,庄原中央,,34.8596608,133.0145137,36159 1,,0,,,,
36159 2,,庄原中央,,34.8596468109784,133.014355817459,36159 2,,0,,,,
36159 31,,庄原中央,,34.8596592,133.0145066,36159 31,,0,,,,
36159 32,,庄原中央,,34.8596959,133.0147485,36159 32,,0,,,,
36160 1,,庄原郵便局前,,34.8601526,133.0162468,36160 1,,0,,,,
36160 2,,庄原郵便局前,,34.8601301237633,133.016138980447,36160 2,,0,,,,
36160 31,,庄原郵便局前,,34.8601515,133.0162407,36160 31,,0,,,,
36160 32,,庄原郵便局前,,34.8600979,133.0160574,36160 32,,0,,,,
36161 1,,備北交通庄原営業所,,34.8621061,133.0197783,36161 1,,0,,,,
36161 2,,備北交通庄原営業所,,34.8621416,133.0195838,36161 2,,0,,,,
36162 1,,柳原口,,34.8624102,133.0219735,36162 1,,0,,,,
36162 2,,柳原口,,34.8625234,133.0221532,36162 2,,0,,,,
36163 1,,新築町,,34.8653459,133.0342,36163 1,,0,,,,
36163 2,,新築町,,34.865378,133.0341167,36163 2,,0,,,,
36164 1,,丸屋橋,,34.8699302,133.0362593,36164 1,,0,,,,
36164 2,,丸屋橋,,34.8699713,133.0361712,36164 2,,0,,,,
36165 1,,明賀橋,,34.8737227,133.0422818,36165 1,,0,,,,
36165 2,,明賀橋,,34.8739083,133.0418065,36165 2,,0,,,,
36166 1,,夜燈,,34.8711769,133.0530942,36166 1,,0,,,,
36166 2,,夜燈,,34.8713382,133.0530893,36166 2,,0,,,,
36167 1,,郷,,34.8719195,133.0581181,36167 1,,0,,,,
36167 2,,郷,,34.8721376,133.058065,36167 2,,0,,,,
36168 1,,突廻,,34.8744621,133.0644403,36168 1,,0,,,,
36168 2,,突廻,,34.8746595,133.0651047,36168 2,,0,,,,
36169 1,,高駅前,,34.8776751,133.0698854,36169 1,,0,,,,
36169 2,,高駅前,,34.8780532,133.0700293,36169 2,,0,,,,
36170 1,,高小学校前,,34.8818084,133.0727168,36170 1,,0,,,,
36170 2,,高小学校前,,34.8818484,133.0726278,36170 2,,0,,,,
36171 1,,高市場,,34.8847846,133.0747347,36171 1,,0,,,,
36171 2,,高市場,,34.8854313,133.075072,36171 2,,0,,,,
36172 1,,段,,34.8914463,133.0779899,36172 1,,0,,,,
36172 2,,段,,34.8914247,133.0777682,36172 2,,0,,,,
36173 1,,下高取,,34.8970466,133.0804454,36173 1,,0,,,,
36173 2,,下高取,,34.897731,133.0805729,36173 2,,0,,,,
36174 1,,高取,,34.9043125,133.0873486,36174 1,,0,,,,
36174 2,,高取,,34.9037669,133.0865309,36174 2,,0,,,,
36175 1,,上高取,,34.9057395,133.0895245,36175 1,,0,,,,
36175 2,,上高取,,34.9055979,133.0887142,36175 2,,0,,,,
36176 1,,下竹原,,34.9086594,133.095185,36176 1,,0,,,,
36176 2,,下竹原,,34.909369,133.0960106,36176 2,,0,,,,
36177 1,,平子駅前,,34.9120094,133.0993391,36177 1,,0,,,,
36177 2,,平子駅前,,34.9124922,133.099621,36177 2,,0,,,,
36178 1,,下平子,,34.9150275,133.1046803,36178 1,,0,,,,
36178 2,,下平子,,34.9150484,133.1036051,36178 2,,0,,,,
36179 1,,平子栗橋,,34.916139,133.1132157,36179 1,,0,,,,
36179 2,,平子栗橋,,34.9164475,133.1135903,36179 2,,0,,,,
36180 1,,栗,,34.9181974,133.1157788,36180 1,,0,,,,
36180 2,,栗,,34.9182344,133.1156026,36180 2,,0,,,,
36181 1,,奥名別,,34.9241449,133.1157265,36181 1,,0,,,,
36181 2,,奥名別,,34.9242486,133.1155908,36181 2,,0,,,,
36182 1,,小歌原,,34.9295054,133.1177251,36182 1,,0,,,,
36182 2,,小歌原,,34.929776,133.1175862,36182 2,,0,,,,
36183 1,,西条小学校前,,34.9325633,133.1176355,36183 1,,0,,,,
36183 2,,西条小学校前,,34.9325785,133.1175723,36183 2,,0,,,,
36184 1,,西城中村,,34.93562,133.1179108,36184 1,,0,,,,
36185 1,,西城本町,,34.9345956,133.1183049,36185 1,,0,,,,
36185 2,,西城本町,,34.9345978,133.1182281,36185 2,,0,,,,
36186 1,,西城十日市,,34.9370354,133.1163555,36186 1,,0,,,,
36186 2,,西城十日市,,34.9369775,133.1163594,36186 2,,0,,,,
36187 1,,西城病院前,,34.9396637,133.1166284,36187 1,,0,,,,
36187 2,,西城病院前,,34.9398981,133.1166425,36187 2,,0,,,,
36188 1,,西城中野,,34.94333974,133.1219264,36188 1,,0,,,,
36188 2,,西城中野,,34.9443054,133.1228056,36188 2,,0,,,,
36189 1,,夢の橋,,34.9151975,133.1077842,36189 1,,0,,,,
36189 2,,夢の橋,,34.9153031,133.1076067,36189 2,,0,,,,
36200 1,,下和知駅前,,34.7984452,132.9254254,36200 1,,0,,,,
36201 1,,和田,,34.7902363,132.9203549,36201 1,,0,,,,
36202 1,,向江田,,34.7803277,132.9168117,36202 1,,0,,,,
36203 1,,備北大橋南,,34.7789674,132.9082047,36203 1,,0,,,,
36204 1,,神社前,,34.7757873,132.8995375,36204 1,,0,,,,
36205 1,,三次ワイナリー,,34.7773719,132.8668317,36205 1,,0,,,,
36210 1,,根木田,,34.8607191,133.0076691,36210 1,,0,,,,
36210 2,,根木田,,34.8615298116181,133.006839688294,36210 2,,0,,,,
36210 31,,根木田,,34.8607326,133.0076777,36210 31,,0,,,,
36210 32,,根木田,,34.8626284,133.0064773,36210 32,,0,,,,
36210 33,,根木田,,34.860696579343531109584,133.007523003118610574142,36210 33,,0,,,,
36211 1,,掛田,,34.8694937,133.0037942,36211 1,,0,,,,
36211 2,,掛田,,34.869412246054483083725,133.0036895870312280668044,36211 2,,0,,,,
36212 1,,沖の町,,34.8732059,133.0045134,36212 1,,0,,,,
36212 2,,沖の町,,34.873178524784773948920,133.0045060120879800010516,36212 2,,0,,,,
36213 1,,門田別,,34.876794777150924979457,133.0029393091875722539244,36213 1,,0,,,,
36213 2,,門田別,,34.876794777150924979457,133.0029393091875722539244,36213 2,,0,,,,
36213 31,,門田別,,34.8772403,133.0027587,36213 31,,0,,,,
36213 33,,門田別,,34.8770628,133.0018637,36213 33,,0,,,,
36214 1,,下市場,,34.8799875,133.0006252,36214 1,,0,,,,
36214 2,,下市場,,34.879577774222046924422,133.0007226985871058806454,36214 2,,0,,,,
36215 1,,市場局前,,34.8820546,133.000128,36215 1,,0,,,,
36215 2,,市場局前,,34.882094157559272802615,132.9998893185942882925366,36215 2,,0,,,,
36216 1,,茶屋,,34.885253,133.0015469,36216 1,,0,,,,
36216 2,,茶屋,,34.884860547578164258891,133.0010057650201614307184,36216 2,,0,,,,
36217 1,,八幡,,34.8907443,133.0051647,36217 1,,0,,,,
36217 2,,八幡,,34.890843312876835212134,133.0051218145460969448348,36217 2,,0,,,,
36218 1,,伊勢町,,34.8945408,133.0100517,36218 1,,0,,,,
36218 2,,伊勢町,,34.894559667069300697975,133.0099879060895849051498,36218 2,,0,,,,
36219 1,,川北小学校前,,34.8973392,133.0133829,36219 1,,0,,,,
36219 2,,川北小学校前,,34.896809473399421948530,133.0126709129620336282556,36219 2,,0,,,,
36220 1,,矢之原,,34.9012778,133.0174473,36220 1,,0,,,,
36220 2,,矢之原,,34.901259078911386133965,133.0173869829468370774706,36220 2,,0,,,,
36221 1,,重行別,,34.903325558823065135024,133.0193033951968589099218,36221 1,,0,,,,
36221 2,,重行別,,34.903875493901662573503,133.0189533988770136031608,36221 2,,0,,,,
36221 31,,重行別,,34.9032011,133.0192739,36221 31,,0,,,,
36221 32,,重行別,,34.9037402,133.0190312,36221 32,,0,,,,
36222 1,,秋国別,,34.909358172063433803736,133.0150368051790655474186,36222 1,,0,,,,
36222 2,,秋国別,,34.908358292535187552734,133.0157867888818004377932,36222 2,,0,,,,
36222 31,,秋国別,,34.9092271,133.0151924,36222 31,,0,,,,
36222 32,,秋国別,,34.908256,133.0158747,36222 32,,0,,,,
36223 1,,田の平,,34.9112224,133.0111433,36223 1,,0,,,,
36223 2,,田の平,,34.911241235182112119600,133.0110870464200129146886,36223 2,,0,,,,
36224 1,,森が原,,34.9118697,133.0015438,36224 1,,0,,,,
36224 2,,森が原,,34.911807674769273808040,133.001571143894380856013,36224 2,,0,,,,
36225 1,,須川大橋,,34.9176978,132.992599,36225 1,,0,,,,
36225 2,,須川大橋,,34.917806876290319136956,132.992588279763373531943,36225 2,,0,,,,
36226 1,,神山前,,34.929609,132.9842204,36226 1,,0,,,,
36226 2,,神山前,,34.929305502711083993058,132.9843384360140556069696,36226 2,,0,,,,
36227 1,,下古頃,,34.9408259,132.9764899,36227 1,,0,,,,
36227 2,,下古頃,,34.940887459796712257141,132.9764885543001474774846,36227 2,,0,,,,
36228 1,,木屋原,,34.9571209,132.9902451,36228 1,,0,,,,
36228 2,,木屋原,,34.957185955853201714036,132.990186666106650636721,36228 2,,0,,,,
36229 1,,岸本沖,,34.9635831,132.9893776,36229 1,,0,,,,
36229 2,,岸本沖,,34.963568591756197163156,132.989319777831307462663,36229 2,,0,,,,
36230 1,,元常別,,34.9662888,132.9879732,36230 1,,0,,,,
36230 2,,元常別,,34.966334936659763604784,132.9878531059278910446958,36230 2,,0,,,,
36231 1,,元常別上,,34.9691455,132.9858812,36231 1,,0,,,,
36231 2,,元常別上,,34.970467772887066553941,132.9847031771809461177436,36231 2,,0,,,,
36232 1,,古頃別,,34.973131,132.9822316,36232 1,,0,,,,
36232 2,,古頃別,,34.973117444727087454136,132.982153266854912812152,36232 2,,0,,,,
36233 1,,比和松下前,,34.9768963,132.9807777,36233 1,,0,,,,
36233 2,,比和松下前,,34.977133656208007070333,132.9806865363450721412556,36233 2,,0,,,,
36234 1,,比和下町,,34.9806553,132.9856632,36234 1,,0,,,,
36234 2,,比和下町,,34.980633367271437961016,132.9855693035273750246254,36234 2,,0,,,,
36235 1,,比和バイパス,,34.9854085,132.9879235,36235 1,,0,,,,
36235 2,,比和バイパス,,34.985432892866476068250,132.9878188958042318289494,36235 2,,0,,,,
36236 1,,永原畑,,34.9966861,132.9889675,36236 1,,0,,,,
36237 0,,永原,,35.003480994256740048172,132.9896179157438798277216,36237 0,,0,,,,
36237 1,,永原,,35.003129,132.990044,36237 1,,0,,,,
36238 1,,永原森沖,,35.0061974,132.9897848,36238 1,,0,,,,
36239 1,,永原大橋,,35.0103654,132.9882633,36239 1,,0,,,,
36240 1,,永原梶谷,,35.0142663,132.9888755,36240 1,,0,,,,
36241 1,,森脇,,35.0220591,132.9894082,36241 1,,0,,,,
36242 1,,森脇,,35.0279745,132.9930489,36242 1,,0,,,,
36243 31,,上湯川,,35.0358947,132.9780479,36243 31,,0,,,,
36244 1,,上湯川中店,,35.0368368,132.9731367,36244 1,,0,,,,
36245 1,,才の木,,35.0372979,132.9688673,36245 1,,0,,,,
36246 1,,湯川学校前,,35.0376817,132.9651333,36246 1,,0,,,,
36247 1,,下湯川,,35.0371854,132.9574752,36247 1,,0,,,,
36248 1,,下湯川川島,,35.0350942,132.951798,36248 1,,0,,,,
36249 1,,下湯川瀬尾,,35.0329302,132.9496977,36249 1,,0,,,,
36250 1,,傘取,,35.0310769,132.9387831,36250 1,,0,,,,
36251 1,,別所,,35.0302871,132.9331743,36251 1,,0,,,,
36252 1,,上市,,35.0335305,132.9244808,36252 1,,0,,,,
36253 1,,新市車庫,,35.0351679,132.9174845,36253 1,,0,,,,
36254 31,,新市バイパス,,35.0344478,132.9132219,36254 31,,0,,,,
36254 32,,新市バイパス,,35.0340786,132.9125325,36254 32,,0,,,,
36255 1,,殿垣内,,35.0327321,132.9070796,36255 1,,0,,,,
36256 1,,高野大橋,,35.0327985,132.9021283,36256 1,,0,,,,
36257 1,,垣内橋,,35.0324142,132.89713,36257 1,,0,,,,
36258 1,,住宅前,,35.0302226,132.8938109,36258 1,,0,,,,
36259 1,,中門田,,35.0270809,132.8910225,36259 1,,0,,,,
36260 1,,下高野,,35.025136,132.8860566,36260 1,,0,,,,
36280 1,,門田,,34.877087,132.9994453,36280 1,,0,,,,
36281 1,,中原橋,,34.8779696,132.9913648,36281 1,,0,,,,
36282 1,,門田平組,,34.876778,132.9868667,36282 1,,0,,,,
36283 1,,門田寺前,,34.8770828,132.983003,36283 1,,0,,,,
36284 1,,門田進農,,34.8767678,132.9803121,36284 1,,0,,,,
36285 1,,門田下組,,34.8759469,132.9757101,36285 1,,0,,,,
36286 1,,貝の平,,34.8733274,132.9675076,36286 1,,0,,,,
36287 1,,濁川小学校,,34.8729712,132.9599586,36287 1,,0,,,,
36288 1,,須川別,,34.8770988,132.9575206,36288 1,,0,,,,
36289 1,,濁川,,34.8777989,132.956255,36289 1,,0,,,,
36290 1,,別作,,34.8827134,132.9439481,36290 1,,0,,,,
36291 1,,鮎の里公園,,34.8828703,132.9385471,36291 1,,0,,,,
36292 1,,上出雲石,,34.8824588,132.9303422,36292 1,,0,,,,
36293 1,,元常,,34.8840611,132.9272705,36293 1,,0,,,,
36294 1,,永田,,34.8862242,132.9189335,36294 1,,0,,,,
36300 1,,足立前,,34.884864,132.9649299,36300 1,,0,,,,
36301 1,,糸谷,,34.891599,132.9679059,36301 1,,0,,,,
36302 1,,郡原,,34.8935756,132.9705137,36302 1,,0,,,,
36310 1,,庄原市役所,,34.8578219,133.0174712,36310 1,,0,,,,
36310 2,,庄原市役所,,34.8588697,133.0170833,36310 2,,0,,,,
36310 31,,庄原市役所,,34.8578202,133.017475,36310 31,,0,,,,
36310 32,,庄原市役所,,34.8588705,133.0170824,36310 32,,0,,,,
36312 31,,庄原インター入口,,34.8494037,133.0231804,36312 31,,0,,,,
36312 32,,庄原インター入口,,34.8501664,133.0228741,36312 32,,0,,,,
36313 31,,九丁,,34.8455268,133.0259239,36313 31,,0,,,,
36313 32,,九丁,,34.8458526,133.0258861,36313 32,,0,,,,
36314 31,,新庄,,34.8423641,133.0332761,36314 31,,0,,,,
36314 32,,新庄,,34.8425319,133.0332818,36314 32,,0,,,,
36315 31,,大縄,,34.8395817,133.035508,36315 31,,0,,,,
36315 32,,大縄,,34.839624,133.035615,36315 32,,0,,,,
36316 31,,是松,,34.8366204,133.0372809,36316 31,,0,,,,
36316 32,,是松,,34.8366196,133.0372833,36316 32,,0,,,,
36317 31,,雨露原,,34.8251762,133.0397979,36317 31,,0,,,,
36317 32,,雨露原,,34.8256787,133.0399778,36317 32,,0,,,,
36318 31,,春田,,34.8208055,133.0395132,36318 31,,0,,,,
36318 32,,春田,,34.8212209,133.0395044,36318 32,,0,,,,
36319 31,,峰田小学校前,,34.8174987,133.0432965,36319 31,,0,,,,
36319 32,,峰田小学校前,,34.8172412,133.0436728,36319 32,,0,,,,
36320 31,,赤川,,34.8160924,133.0467896,36320 31,,0,,,,
36320 32,,赤川,,34.8161654,133.0470285,36320 32,,0,,,,
36321 1,,峰田農協前,,34.8161173,133.0484167,36321 1,,0,,,,
36322 1,,上赤川,,34.819238,133.0532368,36322 1,,0,,,,
36323 1,,十万田別,,34.8245303,133.0567391,36323 1,,0,,,,
36324 1,,上谷口,,34.8250027,133.0626668,36324 1,,0,,,,
36325 1,,下本,,34.8288875,133.0672404,36325 1,,0,,,,
36326 1,,日の岳,,34.8312131,133.0696815,36326 1,,0,,,,
36327 1,,山王,,34.8333346,133.0727104,36327 1,,0,,,,
36328 1,,本村農協,,34.837959,133.0773334,36328 1,,0,,,,
36329 1,,中本,,34.8451804,133.0833846,36329 1,,0,,,,
36330 1,,中本,,34.8480264,133.0875875,36330 1,,0,,,,
36331 1,,上本入江,,34.8504437,133.0940266,36331 1,,0,,,,
36332 1,,上本,,34.854222,133.0991004,36332 1,,0,,,,
36333 1,,下吉備谷,,34.8573219,133.1018537,36333 1,,0,,,,
36334 1,,上本吉備谷,,34.8594806,133.1037276,36334 1,,0,,,,
36340 2,,ＪＡ庄原前,,34.853914038433,133.011356330539,36340 2,,0,,,,
36340 31,,ＪＡ庄原前,,34.8539194,133.0115728,36340 31,,0,,,,
36340 32,,ＪＡ庄原前,,34.8540027,133.0115736,36340 32,,0,,,,
36341 31,,実業高校北,,34.8542485,133.0140573,36341 31,,0,,,,
36341 32,,実業高校北,,34.8543018,133.0138985,36341 32,,0,,,,
36342 31,,市役所南,,34.8556107,133.0179013,36342 31,,0,,,,
36342 32,,市役所南,,34.8557603,133.0179563,36342 32,,0,,,,
36343 1,,ザ・ビッグ,,34.8490634,133.0198367,36343 1,,0,,,,
36344 1,,原手橋,,34.8496137,133.0185799,36344 1,,0,,,,
36344 31,,原手橋,,34.8496065,133.01858,36344 31,,0,,,,
36344 32,,原手橋,,34.8490351,133.0171948,36344 32,,0,,,,
36345 1,,板橋堂前,,34.8426991,133.0157316,36345 1,,0,,,,
36346 1,,東谷,,34.8386147,133.0187359,36346 1,,0,,,,
36347 1,,板橋局前,,34.836221,133.0189826,36347 1,,0,,,,
36348 1,,板橋農協前,,34.8347025,133.0170795,36348 1,,0,,,,
36349 1,,板橋平林,,34.8290758,133.0098881,36349 1,,0,,,,
36350 1,,一ツ木,,34.8257333,133.0057181,36350 1,,0,,,,
36351 1,,一ツ木,,34.8223677,133.0037406,36351 1,,0,,,,
36351 11,,一ツ木,,34.8236393,133.0041872,36351 11,,0,,,,
36352 1,,迫谷,,34.8153838,133.008703,36352 1,,0,,,,
36353 1,,殿河内,,34.809268,133.0098411,36353 1,,0,,,,
36354 1,,下谷,,34.8105908,133.0005215,36354 1,,0,,,,
36355 1,,実留,,34.8106104,132.9975935,36355 1,,0,,,,
36356 1,,光清,,34.8029523,132.9886552,36356 1,,0,,,,
36357 1,,下光清,,34.8013513,132.9834593,36357 1,,0,,,,
36358 1,,仁賀,,34.7978558,132.9802262,36358 1,,0,,,,
36359 1,,上仁賀,,34.7954835,132.9793069,36359 1,,0,,,,
36360 1,,仁賀学校前,,34.7907603,132.9790282,36360 1,,0,,,,
36361 1,,下仁賀,,34.7880815,132.9800566,36361 1,,0,,,,
36362 1,,皇渡,,34.7838197,132.9770276,36362 1,,0,,,,
36363 1,,田利別,,34.7761866,132.9739342,36363 1,,0,,,,
36364 1,,兎峠,,34.7700532,132.9722085,36364 1,,0,,,,
36365 1,,沖江,,34.7640646,132.9703283,36365 1,,0,,,,
36365 2,,沖江,,34.7636729606753,132.969563956666,36365 2,,0,,,,
36367 1,,三良坂商工会館前,,34.7646486,132.9600621,36367 1,,0,,,,
36367 2,,三良坂商工会館前,,34.7643393875144,132.959914727339,36367 2,,0,,,,
36368 1,,三良坂駅前,,34.7656774,132.9576506,36368 1,,0,,,,
36368 2,,三良坂駅前,,34.7656892009272,132.957498199208,36368 2,,0,,,,
36380 2,,同栄社庄原学生寮前,,34.8489176,133.0149801,36380 2,,0,,,,
36382 2,,促進住宅口,,34.8492645252721,133.010756594441,36382 2,,0,,,,
36382 22,,促進住宅口,,34.8493733,133.0109383,36382 22,,0,,,,
36383 22,,国兼池東口,,34.8507989,133.0069985,36383 22,,0,,,,
36390 1,,同栄社南,,34.847881434483,133.016172874978,36390 1,,0,,,,
36390 2,,同栄社南,,34.8479089,133.0160577,36390 2,,0,,,,
36391 1,,池の内,,34.8416487020236,133.012406808077,36391 1,,0,,,,
36391 2,,池の内,,34.8416482,133.0124098,36391 2,,0,,,,
36392 1,,丘陵公園入口,,34.8341333,133.0021563,36392 1,,0,,,,
36392 2,,丘陵公園入口,,34.8341212,133.002006,36392 2,,0,,,,
36404 1,,県立大学バスロータリー,,34.8250208,132.9772916,36404 1,,0,,,,
36410 1,,ゆめさくら,,34.8520007,133.0288869,36410 1,,0,,,,
36411 1,,上野公園,,34.8588561,133.0222726,36411 1,,0,,,,
36412 1,,備北地域事務所前,,34.8597793,133.0187855,36412 1,,0,,,,
36414 1,,庄原小学校前,,34.8549036,133.0124619,36414 1,,0,,,,
36414 2,,庄原小学校前,,34.8548639548767,133.012389534325,36414 2,,0,,,,
36415 1,,幼稚園入口,,34.856962,133.0134072,36415 1,,0,,,,
36415 2,,幼稚園入口,,34.8568137608775,133.013222708682,36415 2,,0,,,,
36416 1,,中本町,,34.8589692,133.014175,36416 1,,0,,,,
36417 1,,実業高校入口,,34.8525126,133.0131748,36417 1,,0,,,,
36417 2,,実業高校入口,,34.8526142074479,133.013072914498,36417 2,,0,,,,
36417 31,,実業高校入口,,34.8525119,133.0131737,36417 31,,0,,,,
36417 32,,実業高校入口,,34.8524788,133.0130886,36417 32,,0,,,,
36418 1,,西原,,34.8506791,133.015025,36418 1,,0,,,,
36419 1,,上野公園東,,34.85894711,133.0273714,36419 1,,0,,,,
36420 1,,美湯ハイツ入口,,34.8579722,133.0347496,36420 1,,0,,,,
36421 1,,下本町,,34.8598606,133.0134109,36421 1,,0,,,,
36423 1,,市役所本庁舎前,,34.8575177,133.0164751,36423 1,,0,,,,
36424 1,,新庄西,,34.8506516,133.0247146,36424 1,,0,,,,
36426 1,,消防署北,,34.8515941,133.0216797,36426 1,,0,,,,
36538 1,,鳥落,,34.8544799,133.0057862,36538 1,,0,,,,
36560 1,,庄原大橋南,,34.8644062,133.0081513,36560 1,,0,,,,
36561 1,,庄原市ふれあいＣ前,,34.8633224,133.0102499,36561 1,,0,,,,
36570 1,,三次工業団地,,34.7850346,132.8822693,36570 1,,0,,,,
36570 2,,三次工業団地,,34.7850346,132.882268,36570 2,,0,,,,
36571 1,,ＭＥＣ前,,34.7870807,132.8828384,36571 1,,0,,,,
36571 2,,ＭＥＣ前,,34.7870694,132.8828152,36571 2,,0,,,,
36572 1,,東酒屋,,34.7833432,132.8729832,36572 1,,0,,,,
36573 1,,三次中央病院,,34.7813312,132.8676173,36573 1,,0,,,,
36573 2,,三次中央病院,,34.7813323,132.8676122,36573 2,,0,,,,
36574 1,,門田口,,34.7865526,132.8678727,36574 1,,0,,,,
36574 2,,門田口,,34.7869523,132.8671569,36574 2,,0,,,,
36575 1,,成光団地入口,,34.7952976,132.8641737,36575 1,,0,,,,
36575 2,,成光団地入口,,34.7948001,132.863939,36575 2,,0,,,,
36576 1,,十日市南三丁目,,34.7989726,132.8640399,36576 1,,0,,,,
36576 2,,十日市南三丁目,,34.7995313,132.8638808,36576 2,,0,,,,
36577 1,,十日市南,,34.8014446,132.8638089,36577 1,,0,,,,
36577 2,,十日市南,,34.8014781,132.8635974,36577 2,,0,,,,
36590 1,,三次太才町,,34.8159388,132.8443974,36590 1,,0,,,,
36590 2,,三次太才町,,34.81613183,132.8442886,36590 2,,0,,,,
36591 1,,太才神社,,34.819081,132.8453447,36591 1,,0,,,,
36591 2,,太才神社,,34.8192002,132.8451628,36591 2,,0,,,,
36592 1,,山家入口,,34.8267343,132.8440951,36592 1,,0,,,,
36592 2,,山家入口,,34.8266733,132.8438228,36592 2,,0,,,,
36593 1,,河内農協前,,34.8280205,132.8466802,36593 1,,0,,,,
36593 2,,河内農協前,,34.828286,132.847222,36593 2,,0,,,,
36594 1,,河内小学校前,,34.8302375,132.8504265,36594 1,,0,,,,
36594 2,,河内小学校前,,34.830665,132.850612,36594 2,,0,,,,
36595 1,,西河内,,34.8355896,132.8540333,36595 1,,0,,,,
36595 2,,西河内,,34.8355651,132.8539164,36595 2,,0,,,,
36596 1,,横路橋,,34.8371671,132.8533812,36596 1,,0,,,,
36596 2,,横路橋,,34.8371552,132.8532394,36596 2,,0,,,,
36597 1,,君田別,,34.8405913,132.8541576,36597 1,,0,,,,
36597 2,,君田別,,34.8406135,132.8540656,36597 2,,0,,,,
36598 1,,中川木材前,,34.8469912,132.8511188,36598 1,,0,,,,
36599 1,,防地,,34.8532006,132.8491241,36599 1,,0,,,,
36600 1,,藤兼,,34.858902,132.848561,36600 1,,0,,,,
36600 2,,藤兼,,34.8591845,132.8483329,36600 2,,0,,,,
36601 1,,上藤兼,,34.8623162,132.8464114,36601 1,,0,,,,
36601 2,,上藤兼,,34.8622131,132.8463987,36601 2,,0,,,,
36602 1,,石原口,,34.8711419,132.8403334,36602 1,,0,,,,
36602 2,,石原口,,34.8710221,132.8400571,36602 2,,0,,,,
36603 1,,東入君,,34.8733757,132.843939,36603 1,,0,,,,
36603 2,,東入君,,34.8736071,132.8441266,36603 2,,0,,,,
36604 1,,松が瀬,,34.875991,132.8481968,36604 1,,0,,,,
36604 2,,松が瀬,,34.8758549,132.8477977,36604 2,,0,,,,
36605 1,,君田支所前,,34.8780473,132.8523961,36605 1,,0,,,,
36606 1,,君田診療所前,,34.879484,132.8535072,36606 1,,0,,,,
36607 1,,君田局前,,34.8840141,132.851877,36607 1,,0,,,,
36608 1,,鋳原,,34.8867024,132.8490674,36608 1,,0,,,,
36609 1,,吉尾口,,34.8957355,132.8502925,36609 1,,0,,,,
36610 1,,櫃田口,,34.8990251,132.8503272,36610 1,,0,,,,
36610 2,,櫃田口,,34.8991583,132.8502021,36610 2,,0,,,,
36611 1,,下泉吉田,,34.90308943,132.8580168,36611 1,,0,,,,
36612 1,,泉吉田,,34.9047327,132.8607728,36612 1,,0,,,,
36613 1,,中泉吉田,,34.9050624,132.8663465,36613 1,,0,,,,
36614 1,,上泉吉田,,34.9058165,132.8693914,36614 1,,0,,,,
36615 1,,新業峠,,34.9063914,132.8754524,36615 1,,0,,,,
36617 1,,上大月,,34.9119495,132.8827883,36617 1,,0,,,,
36618 1,,上大月車庫,,34.9154002,132.8832017,36618 1,,0,,,,
36633 1,,下高小学校前,,35.0248585,132.8820332,36633 1,,0,,,,
36640 1,,口和診療所,,34.9107472,132.882417,36640 1,,0,,,,
36641 1,,大合戦橋,,34.9132969,132.8882416,36641 1,,0,,,,
36642 1,,口和支所前,,34.9169685,132.8975347,36642 1,,0,,,,
36644 1,,上日南,,34.9199671,132.9011534,36644 1,,0,,,,
36645 1,,下宮内,,34.9258358,132.9061062,36645 1,,0,,,,
36653 1,,一日市別,,34.9214713,132.9059694,36653 1,,0,,,,
36654 1,,口和支所,,34.9165288,132.8991135,36654 1,,0,,,,
36655 10,,運動公園入口,,34.9148128,132.9038509,36655 10,,0,,,,
36655 11,,運動公園入口,,34.9148564,132.9041593,36655 11,,0,,,,
36656 1,,向泉,,34.9088499,132.904238,36656 1,,0,,,,
36658 1,,口和中学校前,,34.9041924,132.9054745,36658 1,,0,,,,
36659 1,,大塩口,,34.8911228,132.9141323,36659 1,,0,,,,
36690 1,,河内神社前,,34.8461598,132.8633692,36690 1,,0,,,,
36691 1,,穴笠,,34.8498743,132.8746319,36691 1,,0,,,,
36692 1,,木呂田,,34.8582565,132.8748217,36692 1,,0,,,,
36693 1,,森原,,34.8597738,132.8849319,36693 1,,0,,,,
36694 1,,下金田,,34.8562488,132.8939322,36694 1,,0,,,,
36695 1,,塩谷口,,34.8600183,132.898725,36695 1,,0,,,,
36696 1,,金田,,34.8655567,132.9028158,36696 1,,0,,,,
36697 1,,倉庫前,,34.8706191,132.9063595,36697 1,,0,,,,
36698 1,,常定口,,34.8773651,132.9100865,36698 1,,0,,,,
36699 1,,友広前,,34.8813403,132.9163801,36699 1,,0,,,,
36700 1,,井上前,,34.8889855,132.9204645,36700 1,,0,,,,
36701 1,,口南学校前,,34.8946206,132.9235151,36701 1,,0,,,,
36702 1,,湯木市場,,34.8951114,132.9273252,36702 1,,0,,,,
36703 1,,湯木倉庫前,,34.8999235,132.9283577,36703 1,,0,,,,
36704 1,,湯木車庫,,34.9051094,132.9289066,36704 1,,0,,,,
36710 1,,尾関公園,,34.8161614,132.8405971,36710 1,,0,,,,
36710 2,,尾関公園,,34.8160179,132.840724,36710 2,,0,,,,
36711 1,,中所,,34.8180383,132.8322446,36711 1,,0,,,,
36711 2,,中所,,34.8178091,132.8327625,36711 2,,0,,,,
36712 1,,日山橋,,34.82003,132.8229103,36712 1,,0,,,,
36712 2,,日山橋,,34.8199927,132.8228199,36712 2,,0,,,,
36713 1,,郷川,,34.8219491,132.8169786,36713 1,,0,,,,
36713 2,,郷川,,34.8218098,132.8170162,36713 2,,0,,,,
36714 1,,下三原,,34.826484,132.8105484,36714 1,,0,,,,
36714 2,,下三原,,34.8263603,132.8105496,36714 2,,0,,,,
36715 1,,宇遠木,,34.8306373,132.806224,36715 1,,0,,,,
36715 2,,宇遠木,,34.8295368,132.806135,36715 2,,0,,,,
36716 1,,小松原,,34.840282,132.8024779,36716 1,,0,,,,
36716 2,,小松原,,34.8402202,132.8022782,36716 2,,0,,,,
36717 1,,山家口,,34.845311,132.8027756,36717 1,,0,,,,
36717 2,,山家口,,34.8454602,132.8027113,36717 2,,0,,,,
36718 1,,河戸,,34.8472264,132.8041614,36718 1,,0,,,,
36718 2,,河戸,,34.8468346,132.8037522,36718 2,,0,,,,
36719 1,,大谷,,34.853705,132.7978261,36719 1,,0,,,,
36719 2,,大谷,,34.8544131,132.7971208,36719 2,,0,,,,
36720 1,,伊木谷,,34.857896,132.7950917,36720 1,,0,,,,
36720 2,,伊木谷,,34.8584766,132.7945096,36720 2,,0,,,,
36721 1,,下布野,,34.8652501,132.7909091,36721 1,,0,,,,
36721 2,,下布野,,34.866894,132.789908,36721 2,,0,,,,
36722 1,,柳田橋,,34.8713969,132.7882586,36722 1,,0,,,,
36722 2,,柳田橋,,34.8719068,132.7879373,36722 2,,0,,,,
36723 1,,二井殿,,34.8772035,132.7853259,36723 1,,0,,,,
36723 2,,二井殿,,34.8778462,132.7848192,36723 2,,0,,,,
36724 1,,上布野,,34.8821149,132.7822992,36724 1,,0,,,,
36724 2,,上布野,,34.883238,132.7817712,36724 2,,0,,,,
36725 1,,便坂口,,34.8858285,132.78057,36725 1,,0,,,,
36725 2,,便坂口,,34.885271,132.7808767,36725 2,,0,,,,
36726 1,,便坂,,34.886996,132.779198,36726 1,,0,,,,
36726 2,,便坂,,34.8868966,132.7790825,36726 2,,0,,,,
36727 1,,常盤橋,,34.8954476,132.775212,36727 1,,0,,,,
36727 2,,常盤橋,,34.8955473,132.7750687,36727 2,,0,,,,
36728 1,,湯谷橋,,34.8975571,132.7775444,36728 1,,0,,,,
36728 2,,湯谷橋,,34.8978451,132.7774793,36728 2,,0,,,,
36729 1,,開明橋,,34.9040697,132.7763529,36729 1,,0,,,,
36729 2,,開明橋,,34.9051842,132.7758777,36729 2,,0,,,,
36730 1,,下ケ原,,34.9088239,132.7780485,36730 1,,0,,,,
36730 2,,下ケ原,,34.9090429,132.7778822,36730 2,,0,,,,
36731 1,,明谷,,34.9115189,132.7794077,36731 1,,0,,,,
36731 2,,明谷,,34.9114072,132.7792004,36731 2,,0,,,,
36732 1,,宗貞,,34.9150265,132.774509,36732 1,,0,,,,
36732 2,,宗貞,,34.9148786,132.7743967,36732 2,,0,,,,
36733 1,,奥の迫,,34.9182136,132.7717273,36733 1,,0,,,,
36733 2,,奥の迫,,34.9178491,132.7721844,36733 2,,0,,,,
36734 1,,天狗橋,,34.9206649,132.7618302,36734 1,,0,,,,
36734 2,,天狗橋,,34.9204,132.7620946,36734 2,,0,,,,
36735 1,,石貝,,34.9250804,132.7531759,36735 1,,0,,,,
36735 2,,石貝,,34.9248602,132.7531741,36735 2,,0,,,,
36736 1,,吉谷口,,34.9303611,132.7489802,36736 1,,0,,,,
36736 2,,吉谷口,,34.9308317,132.7485194,36736 2,,0,,,,
36737 1,,坂根下,,34.9353571,132.7461782,36737 1,,0,,,,
36737 2,,坂根下,,34.9348851,132.7464107,36737 2,,0,,,,
36738 1,,室下,,34.9385967,132.7420836,36738 1,,0,,,,
36738 2,,室下,,34.9388204,132.7416747,36738 2,,0,,,,
36739 1,,横谷,,34.9438118,132.7379619,36739 1,,0,,,,
36739 2,,横谷,,34.943324,132.7381571,36739 2,,0,,,,
36740 1,,北ノ上,,34.9657209,132.7340949,36740 1,,0,,,,
36740 2,,北ノ上,,34.9664182,132.7339378,36740 2,,0,,,,
36741 1,,陣屋,,34.9713349,132.7333595,36741 1,,0,,,,
36741 2,,陣屋,,34.9709441,132.7334789,36741 2,,0,,,,
36742 1,,栗屋谷,,34.9743338,132.7315298,36742 1,,0,,,,
36742 2,,栗屋谷,,34.97412962,132.731424,36742 2,,0,,,,
36743 1,,保育所前,,34.9769414,132.7302736,36743 1,,0,,,,
36743 2,,保育所前,,34.9771328,132.730003,36743 2,,0,,,,
36744 1,,呑谷,,34.9813764,132.7263401,36744 1,,0,,,,
36744 2,,呑谷,,34.9812789,132.7263375,36744 2,,0,,,,
36745 1,,板屋橋,,34.9853821,132.7241182,36745 1,,0,,,,
36745 2,,板屋橋,,34.985277,132.7239698,36745 2,,0,,,,
36746 1,,赤名上町,,34.9927294,132.7173517,36746 1,,0,,,,
36746 2,,赤名上町,,34.9928224,132.71706,36746 2,,0,,,,
36747 1,,赤名,,34.9971442,132.7145343,36747 1,,0,,,,
36747 2,,赤名,,34.9971442,132.7145343,36747 2,,0,,,,
36760 1,,作木別,,34.894373,132.7735039,36760 1,,0,,,,
36761 1,,上郷橋,,34.8961104,132.7527778,36761 1,,0,,,,
36762 1,,西野口,,34.8915771,132.7470429,36762 1,,0,,,,
36763 1,,上作木,,34.8904426,132.7457175,36763 1,,0,,,,
36764 1,,小谷口,,34.882064,132.7359026,36764 1,,0,,,,
36765 1,,中野郷,,34.8781998,132.729711,36765 1,,0,,,,
36766 1,,学校前,,34.8737292,132.7247746,36766 1,,0,,,,
36767 1,,東光坊,,34.8697177,132.7212424,36767 1,,0,,,,
36768 1,,作木中学校前,,34.8675372,132.7192397,36768 1,,0,,,,
36769 1,,作木支所前,,34.8656152,132.7169078,36769 1,,0,,,,
36770 1,,常清橋,,34.8655056,132.7143477,36770 1,,0,,,,
36771 1,,港別上,,34.8660351,132.7085738,36771 1,,0,,,,
36772 1,,作木診療所前,,34.8695408,132.705705,36772 1,,0,,,,
36773 1,,丹渡,,34.8744563,132.7039338,36773 1,,0,,,,
36774 1,,式,,34.8824425,132.7018928,36774 1,,0,,,,
36775 1,,折敷谷,,34.8853561,132.6892919,36775 1,,0,,,,
36776 1,,上大津,,34.8882969,132.6801174,36776 1,,0,,,,
36777 1,,大津両国橋,,34.8910669,132.679485,36777 1,,0,,,,
36778 1,,下西の原,,34.888618,132.6747582,36778 1,,0,,,,
36779 1,,口羽大橋,,34.8850149,132.6725074,36779 1,,0,,,,
36780 1,,口羽郵便局前,,34.8818711,132.6743644,36780 1,,0,,,,
36781 1,,口羽町,,34.8814989,132.6726332,36781 1,,0,,,,
36782 1,,口羽小学校前,,34.8813847,132.6705791,36782 1,,0,,,,
36783 1,,羽須美支所,,34.8817626,132.6692448,36783 1,,0,,,,
36784 1,,伊賀和志上,,34.8915349,132.6652749,36784 1,,0,,,,
36785 1,,伊賀和志,,34.8918927,132.6621729,36785 1,,0,,,,
36789 1,,都賀上野,,34.9390071,132.6458779,36789 1,,0,,,,
36790 1,,都賀飯谷,,34.9422801,132.6458972,36790 1,,0,,,,
36791 1,,家畜診療所前,,34.9476712,132.642825,36791 1,,0,,,,
36792 1,,都賀大橋,,34.9498531,132.6421004,36792 1,,0,,,,
36799 1,,谷地,,34.8974958,132.6641208,36799 1,,0,,,,
36830 1,,商工会議所前,,34.812082281606,132.845455368013,36830 1,,0,,,,
36830 2,,商工会議所前,,34.812082281606,132.845455368013,36830 2,,0,,,,
36831 1,,県公舎前,,34.814315487854,132.85185473372,36831 1,,0,,,,
36831 2,,県公舎前,,34.814315487854,132.85185473372,36831 2,,0,,,,
36832 1,,寺戸,,34.8142989053417,132.856571009467,36832 1,,0,,,,
36832 2,,寺戸,,34.8142989053417,132.856571009467,36832 2,,0,,,,
36833 1,,促進住宅前,,34.8119076,132.868379,36833 1,,0,,,,
36833 2,,促進住宅前,,34.811934,132.8685909,36833 2,,0,,,,
36834 1,,西善坊前,,34.8109829086177,132.874619663234,36834 1,,0,,,,
36834 2,,西善坊前,,34.8109829086177,132.874619663234,36834 2,,0,,,,
36835 1,,熊野神社口,,34.8106996734054,132.878502687128,36835 1,,0,,,,
36835 2,,熊野神社口,,34.8106996734054,132.878502687128,36835 2,,0,,,,
36836 1,,卸売センタ－前,,34.8105189,132.8833025,36836 1,,0,,,,
36836 2,,卸売センタ－前,,34.8105629,132.8837115,36836 2,,0,,,,
36837 1,,県営住宅口,,34.8101949,132.8874695,36837 1,,0,,,,
36837 2,,県営住宅口,,34.8102841,132.8877552,36837 2,,0,,,,
36838 1,,岩屋寺口,,34.8097833114336,132.890335079987,36838 1,,0,,,,
36838 2,,岩屋寺口,,34.8098753,132.8903932,36838 2,,0,,,,
36839 1,,自動車学校,,34.8090171,132.8951882,36839 1,,0,,,,
36839 2,,自動車学校,,34.8091206,132.895207,36839 2,,0,,,,
36840 1,,後山口,,34.8072937,132.9030649,36840 1,,0,,,,
36840 2,,後山口,,34.8071814,132.9038911,36840 2,,0,,,,
36841 1,,みよし公園,,34.79820151499,132.90740086266,36841 1,,0,,,,
36841 2,,みよし公園,,34.79820151499,132.90740086266,36841 2,,0,,,,
36860 1,,酒屋コミュニティー,,34.7796806,132.8602873,36860 1,,0,,,,
36861 1,,上本谷,,34.7817921,132.8557466,36861 1,,0,,,,
36862 1,,酒河小学校前,,34.7849303,132.8509158,36862 1,,0,,,,
36863 1,,志和地駅前,,34.7421832,132.8021577,36863 1,,0,,,,
36864 1,,大坪,,34.7392016,132.8020739,36864 1,,0,,,,
36865 1,,専正寺入口,,34.7381319,132.8047474,36865 1,,0,,,,
36866 1,,土居橋,,34.7336088,132.8076643,36866 1,,0,,,,
36867 1,,川東,,34.72974,132.8176691,36867 1,,0,,,,
36868 1,,新開橋,,34.7280058,132.8215222,36868 1,,0,,,,
36869 1,,新開,,34.7242655,132.8248897,36869 1,,0,,,,
36870 1,,奥新開,,34.7206665,132.8250977,36870 1,,0,,,,
36871 1,,鬼ケ城,,34.7154252,132.8250669,36871 1,,0,,,,
36872 1,,鬼の湯,,34.7123687,132.8286711,36872 1,,0,,,,
36873 1,,野竹橋,,34.7020988,132.8301161,36873 1,,0,,,,
36874 1,,信原,,34.6981453,132.830674,36874 1,,0,,,,
36875 1,,下板木,,34.6918497,132.8337364,36875 1,,0,,,,
36876 1,,備尺,,34.6863706,132.8369968,36876 1,,0,,,,
36877 1,,紺屋川,,34.6778358,132.8378647,36877 1,,0,,,,
36878 1,,国光橋,,34.6717081,132.8342917,36878 1,,0,,,,
36879 1,,板木保育所,,34.6711931,132.8319998,36879 1,,0,,,,
36880 1,,三和郵便局前,,34.6695621,132.830014,36880 1,,0,,,,
36881 1,,板木橋,,34.669352,132.8320548,36881 1,,0,,,,
36882 1,,上板木盛矢,,34.6665398,132.8352783,36882 1,,0,,,,
36883 1,,上板木,,34.6639225,132.8400154,36883 1,,0,,,,
36884 1,,三和支所前,,34.6634162,132.8417314,36884 1,,0,,,,
36885 1,,三和中学校入口,,34.663252,132.844464,36885 1,,0,,,,
36885 2,,三和中学校入口,,34.6630348,132.8438063,36885 2,,0,,,,
36886 1,,敷名,,34.6617673,132.8521334,36886 1,,0,,,,
36886 2,,敷名,,34.6618157,132.8519198,36886 2,,0,,,,
36887 1,,美術館前,,34.7771376,132.8682768,36887 1,,0,,,,
36887 2,,美術館前,,34.7770864224531,132.868221755397,36887 2,,0,,,,
36940 1,,こぶしの里,,34.9016857,133.2744804,36940 1,,0,,,,
36940 22,,こぶしの里,,34.9016771,133.2744863,36940 22,,0,,,,
36940 3,,こぶしの里,,34.9016846,133.2744811,36940 3,,0,,,,
36941 1,,市頭,,34.9013188,133.2787954,36941 1,,0,,,,
36941 22,,市頭,,34.9009970014204,133.278465312696,36941 22,,0,,,,
36941 3,,市頭,,34.9013186,133.278794,36941 3,,0,,,,
36942 1,,聖神社入口,,34.8997186,133.2788137,36942 1,,0,,,,
36942 22,,聖神社入口,,34.8997153,133.2788204,36942 22,,0,,,,
36942 3,,聖神社入口,,34.8997189,133.2788117,36942 3,,0,,,,
36943 1,,中学校入口,,34.8958475,133.2776121,36943 1,,0,,,,
36943 2,,東城中学校入口,,34.895914196323,133.277582286744,36943 2,,0,,,,
36943 3,,中学校入口,,34.8958471,133.2776131,36943 3,,0,,,,
36944 1,,東城支所前,,34.8944476737094,133.276849081831,36944 1,,0,,,,
36944 22,,東城支所前,,34.8943916,133.2769939,36944 22,,0,,,,
36944 3,,東城支所前,,34.8943914,133.2769953,36944 3,,0,,,,
36945 1,,東城病院前,,34.8968766,133.274178,36945 1,,0,,,,
36945 22,,東城病院前,,34.897256,133.274827,36945 22,,0,,,,
36945 3,,東城病院前,,34.8968768,133.2741812,36945 3,,0,,,,
36946 1,,東城大橋,,34.8991793,133.2743891,36946 1,,0,,,,
36946 22,,東城大橋,,34.8991804,133.274292,36946 22,,0,,,,
36947 1,,東城上市,,34.9006179,133.2722141,36947 1,,0,,,,
36947 3,,東城上市,,34.9006154,133.2722079,36947 3,,0,,,,
36948 1,,東城高校前,,34.9027071,133.2712928,36948 1,,0,,,,
36948 2,,東城高校前,,34.9027133593309,133.271299162139,36948 2,,0,,,,
36948 3,,東城高校前,,34.9026991,133.2712938,36948 3,,0,,,,
36949 1,,中川西,,34.9065413,133.2658199,36949 1,,0,,,,
36949 3,,中川西,,34.9065418,133.2658159,36949 3,,0,,,,
36950 1,,川西東寿園,,34.9092559,133.2617102,36950 1,,0,,,,
36950 3,,川西東寿園,,34.9092569,133.2617056,36950 3,,0,,,,
36951 1,,川西,,34.9128753,133.2570493,36951 1,,0,,,,
36951 3,,川西,,34.912874,133.2570432,36951 3,,0,,,,
36952 1,,末政倉庫前,,34.9208164,133.2630625,36952 1,,0,,,,
36953 1,,前川,,34.9251608,133.2695521,36953 1,,0,,,,
36954 1,,粟田,,34.9301732,133.275026,36954 1,,0,,,,
36955 1,,粟田小学校別,,34.9358002,133.2773295,36955 1,,0,,,,
36956 1,,粟田,,34.9392742,133.2790066,36956 1,,0,,,,
36957 1,,粟田,,34.9421338,133.2803301,36957 1,,0,,,,
36958 1,,下小室,,34.950363,133.2812741,36958 1,,0,,,,
36959 1,,小室,,34.9531828,133.2809606,36959 1,,0,,,,
36960 1,,井河内別,,34.9587458,133.2807368,36960 1,,0,,,,
36961 1,,森脇,,34.9640967,133.2802002,36961 1,,0,,,,
36962 1,,多々良原,,34.9698339,133.2883044,36962 1,,0,,,,
36963 1,,千鳥支所前,,34.9837045,133.2919647,36963 1,,0,,,,
36964 1,,千鳥学校前,,34.9863056,133.2887701,36964 1,,0,,,,
36965 1,,千鳥,,34.9943105,133.2802697,36965 1,,0,,,,
36966 1,,上千鳥,,34.998905,133.2770041,36966 1,,0,,,,
36967 1,,上千鳥,,35.00153613,133.2718279,36967 1,,0,,,,
36968 1,,藪谷口,,35.0023514,133.260496,36968 1,,0,,,,
36969 1,,中内堀,,35.0007228,133.2572404,36969 1,,0,,,,
36970 1,,神社前,,34.9986451,133.2525725,36970 1,,0,,,,
36971 1,,内堀,,34.9989426,133.2503978,36971 1,,0,,,,
36972 1,,内堀小学校前,,34.9899364,133.246551,36972 1,,0,,,,
36973 1,,塩原中,,34.9834185,133.2444595,36973 1,,0,,,,
36974 1,,塩原公民館,,34.9804038,133.2424572,36974 1,,0,,,,
36975 1,,迫,,34.9983927,133.2486905,36975 1,,0,,,,
36976 1,,内堀小学校別,,34.993581,133.2433337,36976 1,,0,,,,
36977 1,,小奴可中学校前,,34.9929009,133.237359,36977 1,,0,,,,
36978 1,,加谷神社別,,34.9950209,133.2285378,36978 1,,0,,,,
36979 1,,加谷石碑前,,34.9952238,133.2221137,36979 1,,0,,,,
36980 1,,小奴可駅口,,34.9961574,133.2116693,36980 1,,0,,,,
36981 1,,小奴可,,34.9965475,133.2082895,36981 1,,0,,,,
36990 1,,川西バイパス,,34.9119924,133.2566282,36990 1,,0,,,,
36990 3,,川西バイパス,,34.9120002,133.2566344,36990 3,,0,,,,
36991 1,,下受原バイパス,,34.9178649,133.2420575,36991 1,,0,,,,
36992 1,,菅,,34.9397719,133.2200945,36992 1,,0,,,,
36993 1,,三草倉庫前,,34.9423759,133.2185362,36993 1,,0,,,,
36994 1,,三草,,34.9450092,133.2183769,36994 1,,0,,,,
36995 1,,上三草,,34.9506676,133.2121126,36995 1,,0,,,,
36996 1,,牧ヵ峠,,34.9536433,133.2081999,36996 1,,0,,,,
36997 1,,田黒別,,34.9606196,133.2059448,36997 1,,0,,,,
36998 1,,小出居,,34.9601538,133.2035976,36998 1,,0,,,,
36999 1,,友永,,34.9576374,133.2008866,36999 1,,0,,,,
37000 1,,森農協前,,34.9519414,133.1978697,37000 1,,0,,,,
37001 1,,川鳥,,34.9474089,133.1962905,37001 1,,0,,,,
37002 1,,川鳥,,34.9431555,133.1943091,37002 1,,0,,,,
37003 1,,川鳥コミュニティーＣ,,34.93962,133.196728,37003 1,,0,,,,
37004 1,,川鳥倉庫前,,34.9380985,133.1918175,37004 1,,0,,,,
37005 1,,西城別,,34.9328464,133.1875335,37005 1,,0,,,,
37006 1,,柳田,,34.9253821,133.1863245,37006 1,,0,,,,
37007 1,,福田,,34.9189977,133.1749924,37007 1,,0,,,,
37008 1,,保田西,,34.9336393,133.1649961,37008 1,,0,,,,
37009 1,,保田,,34.935281,133.1686485,37009 1,,0,,,,
37010 1,,保田車庫,,34.9332426,133.1728161,37010 1,,0,,,,
37020 1,,上受原,,34.9285585,133.2321202,37020 1,,0,,,,
37021 1,,八幡駅口,,34.933422,133.2306749,37021 1,,0,,,,
37022 1,,八幡駅,,34.9372003,133.230152,37022 1,,0,,,,
37023 1,,土居田橋,,34.9434212,133.233746,37023 1,,0,,,,
37024 1,,田渕橋,,34.9611033,133.2216161,37024 1,,0,,,,
37025 1,,田黒集会所,,34.96832205,133.216384,37025 1,,0,,,,
37026 1,,田黒正原,,34.9771355,133.2233191,37026 1,,0,,,,
37027 1,,加谷,,34.9912311,133.2258822,37027 1,,0,,,,
37028 1,,奴可神社,,35.0002009,133.2049502,37028 1,,0,,,,
37029 1,,日野原,,35.0078755,133.1953717,37029 1,,0,,,,
37040 1,,東城温泉,,34.9207684,133.2640263,37040 1,,0,,,,
37040 3,,東城温泉,,34.9207695,133.264025,37040 3,,0,,,,
37041 1,,宮平団地入口,,34.9104158,133.2600177,37041 1,,0,,,,
37041 3,,宮平団地入口,,34.91041234,133.2600164,37041 3,,0,,,,
37042 1,,旭ヶ丘住宅,,34.9024961,133.2678863,37042 1,,0,,,,
37042 3,,旭ヶ丘住宅,,34.9024945,133.267888,37042 3,,0,,,,
37043 3,,世直神社,,34.8990071,133.2702209,37043 3,,0,,,,
37044 1,,城山橋,,34.8967973539763,133.272932632227,37044 1,,0,,,,
37044 3,,城山橋,,34.8968301,133.2730447,37044 3,,0,,,,
37045 1,,川東踏切,,34.8997987,133.2751769,37045 1,,0,,,,
37045 22,,川東踏切,,34.8997933,133.2751869,37045 22,,0,,,,
37045 3,,川東踏切,,34.8997934,133.2751773,37045 3,,0,,,,
37046 1,,フレスタ,,34.8919979179819,133.275832612385,37046 1,,0,,,,
37046 2,,フレスタ,,34.891831266790435598417,133.2756992977966010052212,37046 2,,0,,,,
37046 3,,フレスタ,,34.8919401,133.2758608,37046 3,,0,,,,
37047 1,,友末,,34.8871484198075,133.274866249277,37047 1,,0,,,,
37047 3,,友末,,34.8871896,133.2748565,37047 3,,0,,,,
37048 1,,陰地,,34.9081998,133.2616206,37048 1,,0,,,,
37048 3,,隠地,,34.908203,133.2616218,37048 3,,0,,,,
37049 1,,遊ＹＯＵさろん東城,,34.8893315437919,133.276249367218,37049 1,,0,,,,
37049 3,,遊ＹＯＵさろん東城,,34.8893811,133.2762289,37049 3,,0,,,,
37050 1,,陰地上,,34.9099277,133.2595933,37050 1,,0,,,,
37050 3,,陰地上,,34.9099345,133.2595979,37050 3,,0,,,,
37051 1,,川西上,,34.9059247,133.264804,37051 1,,0,,,,
37051 3,,川西上,,34.9059307,133.2648055,37051 3,,0,,,,
37052 1,,川西下,,34.9007736,133.2688773,37052 1,,0,,,,
37052 3,,川西下,,34.9007771,133.2688795,37052 3,,0,,,,
37053 1,,東城本町,,34.898930443432,133.272032608751,37053 1,,0,,,,
37220 1,,勇山,,34.6777137,132.7527438,37220 1,,0,,,,
37220 2,,勇山,,34.6777146,132.7527277,37220 2,,0,,,,
37221 1,,井才田,,34.6847142,132.7558558,37221 1,,0,,,,
37221 2,,井才田,,34.6847164,132.7558666,37221 2,,0,,,,
37222 1,,高田原,,34.6920128,132.7584877,37222 1,,0,,,,
37222 2,,高田原,,34.6920163,132.7584888,37222 2,,0,,,,
37223 1,,甲立駅前,,34.6938792,132.7592072,37223 1,,0,,,,
37223 2,,甲立駅前,,34.6938756,132.7592069,37223 2,,0,,,,
37224 1,,甲田支所,,34.6955764,132.7575333,37224 1,,0,,,,
37224 2,,甲田支所,,34.6955687,132.7575345,37224 2,,0,,,,
37320 1,,川本,,34.6785871,132.7402243,37320 1,,0,,,,
37320 2,,川本,,34.6785211,132.7406116,37320 2,,0,,,,
37321 1,,高屋大橋南,,34.679542,132.7369163,37321 1,,0,,,,
37321 2,,高屋大橋南,,34.6794854,132.7373218,37321 2,,0,,,,
37322 1,,川手,,34.6750582,132.7464496,37322 1,,0,,,,
37322 2,,川手,,34.6750953,132.7464779,37322 2,,0,,,,
37323 1,,下小原,,34.6735507,132.749663,37323 1,,0,,,,
37323 2,,下小原,,34.6736335,132.7495805,37323 2,,0,,,,
37323 3,,下小原,,34.6729014,132.7486768,37323 3,,0,,,,
37323 4,,下小原,,34.6725879,132.748502,37323 4,,0,,,,
37324 1,,吉田口駅,,34.6649083,132.7456605,37324 1,,0,,,,
37324 2,,吉田口駅,,34.6649051,132.7456747,37324 2,,0,,,,
37325 1,,山田口,,34.6577119,132.7399961,37325 1,,0,,,,
37325 2,,山田口,,34.6572427,132.7397054,37325 2,,0,,,,
37326 1,,下迫,,34.6535524,132.7368277,37326 1,,0,,,,
37326 2,,下迫,,34.6534742,132.7369388,37326 2,,0,,,,
37327 1,,上小原,,34.6504898,132.7349247,37327 1,,0,,,,
37327 2,,上小原,,34.650308,132.7347686,37327 2,,0,,,,
37328 1,,小原境,,34.6468832,132.7332162,37328 1,,0,,,,
37328 2,,小原境,,34.6469623,132.733333,37328 2,,0,,,,
37329 1,,城平,,34.6431879,132.7317839,37329 1,,0,,,,
37329 2,,城平,,34.6431161,132.7318728,37329 2,,0,,,,
37330 1,,徳久,,34.639409,132.7288224,37330 1,,0,,,,
37330 2,,徳久,,34.6389311,132.7286311,37330 2,,0,,,,
37331 1,,戸島,,34.6367334,132.7268518,37331 1,,0,,,,
37331 2,,戸島,,34.6367566,132.7270418,37331 2,,0,,,,
37332 1,,長谷木,,34.6340247,132.7249778,37332 1,,0,,,,
37332 2,,長谷木,,34.6338063,132.7249897,37332 2,,0,,,,
37333 1,,戸島農協,,34.6290275,132.7218465,37333 1,,0,,,,
37333 2,,戸島農協,,34.6291092,132.7220262,37333 2,,0,,,,
37334 1,,八東戸,,34.624519,132.7210866,37334 1,,0,,,,
37334 2,,八東戸,,34.6242838,132.7212144,37334 2,,0,,,,
37335 1,,割石,,34.6223388,132.7209505,37335 1,,0,,,,
37335 2,,割石,,34.622147,132.7210223,37335 2,,0,,,,
37336 1,,負根,,34.6178108,132.7216392,37336 1,,0,,,,
37336 2,,負根,,34.6176937,132.7207992,37336 2,,0,,,,
37336 3,,負根,,34.6172074,132.7214852,37336 3,,0,,,,
37337 1,,向原中学校入口,,34.616252,132.7198838,37337 1,,0,,,,
37337 2,,向原中学校入口,,34.6168193,132.7199864,37337 2,,0,,,,
37338 1,,向原駅,,34.6155971,132.7201154,37338 1,,0,,,,
37338 2,,向原駅,,34.6156006,132.7201161,37338 2,,0,,,,
37339 1,,向原駅東口,,34.6153036,132.7205566,37339 1,,0,,,,
37339 2,,向原駅東口,,34.6152176,132.7206177,37339 2,,0,,,,
37340 1,,向原農協前,,34.6138742,132.719919,37340 1,,0,,,,
37340 2,,向原農協前,,34.6135583,132.719884,37340 2,,0,,,,
37341 1,,梨の木,,34.6110938,132.7179304,37341 1,,0,,,,
37341 2,,梨の木,,34.6113619,132.7185907,37341 2,,0,,,,
37342 1,,川の内,,34.6082964,132.7124022,37342 1,,0,,,,
37342 2,,川の内,,34.608133,132.7118926,37342 2,,0,,,,
37343 1,,小丸子,,34.6084602,132.7061484,37343 1,,0,,,,
37343 2,,小丸子,,34.6083907,132.7058641,37343 2,,0,,,,
37344 1,,長田農協,,34.6083699,132.7031139,37344 1,,0,,,,
37344 2,,長田農協,,34.6082834,132.7029577,37344 2,,0,,,,
37345 1,,向田渕,,34.6072158,132.6966828,37345 1,,0,,,,
37345 2,,向田渕,,34.6071696,132.6967745,37345 2,,0,,,,
37346 1,,長谷尻,,34.604739,132.6933154,37346 1,,0,,,,
37346 2,,長谷尻,,34.6045176,132.6932896,37346 2,,0,,,,
37347 1,,下長田,,34.6002767,132.6888607,37347 1,,0,,,,
37347 2,,下長田,,34.6002458,132.6889559,37347 2,,0,,,,
37348 1,,新宮,,34.5951389,132.6826131,37348 1,,0,,,,
37348 2,,新宮,,34.5956365,132.6833836,37348 2,,0,,,,
37349 1,,三篠園前,,34.5932855,132.6806809,37349 1,,0,,,,
37349 2,,三篠園前,,34.5929914,132.6806598,37349 2,,0,,,,
37350 1,,戸石,,34.5902382,132.6790717,37350 1,,0,,,,
37350 2,,戸石,,34.5899118,132.6789767,37350 2,,0,,,,
37351 1,,井原市駅前,,34.5850772,132.676263,37351 1,,0,,,,
37351 2,,井原市駅前,,34.5850748,132.6762577,37351 2,,0,,,,
37352 1,,旭橋,,34.5839947,132.6755722,37352 1,,0,,,,
37352 2,,旭橋,,34.5840055,132.6755756,37352 2,,0,,,,
37353 1,,千貫目,,34.5855895,132.6721138,37353 1,,0,,,,
37353 2,,千貫目,,34.5855196,132.6721149,37353 2,,0,,,,
37354 1,,甲田,,34.584075,132.6655871,37354 1,,0,,,,
37354 2,,甲田,,34.5840704,132.6655797,37354 2,,0,,,,
37355 1,,上甲田,,34.5845774,132.6627372,37355 1,,0,,,,
37355 2,,上甲田,,34.584504,132.6627329,37355 2,,0,,,,
37356 1,,正地,,34.5858062,132.6562426,37356 1,,0,,,,
37356 2,,正地,,34.5857321,132.656471,37356 2,,0,,,,
37357 1,,古屋,,34.58573643,132.6511319,37357 1,,0,,,,
37357 2,,古屋,,34.5857375,132.6511262,37357 2,,0,,,,
37358 1,,上古屋,,34.58530305,132.6458824,37358 1,,0,,,,
37358 2,,上古屋,,34.58530305,132.6458824,37358 2,,0,,,,
37359 1,,奥谷,,34.5838698,132.6419994,37359 1,,0,,,,
37359 2,,奥谷,,34.5838223,132.6420182,37359 2,,0,,,,
37360 1,,丸畠沖,,34.58218656,132.6368833,37360 1,,0,,,,
37360 2,,丸畠沖,,34.5821699,132.6368999,37360 2,,0,,,,
37361 1,,梶名,,34.5820398,132.6323831,37361 1,,0,,,,
37361 2,,梶名,,34.5820376,132.6323869,37361 2,,0,,,,
37362 1,,上梶名,,34.5833365,132.6294168,37362 1,,0,,,,
37362 2,,上梶名,,34.5833363,132.6294133,37362 2,,0,,,,
37363 1,,土居,,34.58380283,132.6239509,37363 1,,0,,,,
37363 2,,土居,,34.5838049,132.6239543,37363 2,,0,,,,
37364 1,,木原口,,34.577944,132.6204643,37364 1,,0,,,,
37364 2,,木原口,,34.577945,132.6204689,37364 2,,0,,,,
37365 1,,志屋農協,,34.5775647,132.6187487,37365 1,,0,,,,
37365 2,,志屋農協,,34.577517,132.6187705,37365 2,,0,,,,
37366 1,,代田,,34.5778283,132.6101686,37366 1,,0,,,,
37366 2,,代田,,34.5777828,132.610129,37366 2,,0,,,,
37367 1,,横畠,,34.5790054,132.6042608,37367 1,,0,,,,
37367 2,,横畠,,34.5790021,132.6042582,37367 2,,0,,,,
37368 1,,荒川,,34.5771381,132.6020117,37368 1,,0,,,,
37368 2,,荒川,,34.5771337,132.6020009,37368 2,,0,,,,
37369 1,,馬場,,34.5715196,132.5955432,37369 1,,0,,,,
37369 2,,馬場,,34.5715219,132.5955459,37369 2,,0,,,,
37370 1,,馬場車庫,,34.5700444,132.5936465,37370 1,,0,,,,
37370 2,,馬場車庫,,34.570045,132.5936519,37370 2,,0,,,,
37371 1,,志屋,,34.5680754,132.5917573,37371 1,,0,,,,
37371 2,,志屋,,34.5680699,132.5917452,37371 2,,0,,,,
37420 1,,上田小跡,,34.6961856,132.9125399,37420 1,,0,,,,
37421 1,,羽島,,34.6937121,132.9172141,37421 1,,0,,,,
37422 1,,破堂,,34.6867575,132.9185146,37422 1,,0,,,,
37423 1,,上田浜田,,34.6918676,132.9099315,37423 1,,0,,,,
37424 1,,上田,,34.6940741,132.906836,37424 1,,0,,,,
37425 1,,三若谷口,,34.7103519,132.8924606,37425 1,,0,,,,
37426 1,,有原上,,34.7020289,132.8675138,37426 1,,0,,,,
37427 1,,有原,,34.7046903,132.867345,37427 1,,0,,,,
37428 1,,有原橋,,34.7065221,132.8691181,37428 1,,0,,,,
37429 1,,鳥越,,34.7080348,132.874573,37429 1,,0,,,,
37430 1,,三若大原,,34.7112485,132.8866288,37430 1,,0,,,,
37431 1,,三若橋,,34.7134596,132.8898242,37431 1,,0,,,,
37432 1,,善立寺下,,34.7157453,132.8919411,37432 1,,0,,,,
37433 1,,三若,,34.718003,132.8939819,37433 1,,0,,,,
37434 1,,藤谷,,34.7205432,132.896247,37434 1,,0,,,,
37435 1,,松原橋,,34.7248011,132.9000535,37435 1,,0,,,,
37436 1,,上海渡,,34.7296312,132.8970282,37436 1,,0,,,,
37437 1,,海渡観音,,34.7325948,132.892711,37437 1,,0,,,,
37438 1,,海渡橋,,34.7359562,132.8922375,37438 1,,0,,,,
37439 1,,西川橋,,34.7392174,132.8947857,37439 1,,0,,,,
37440 1,,糸井,,34.7414901,132.8948697,37440 1,,0,,,,
37441 1,,大下,,34.7418752,132.8985859,37441 1,,0,,,,
37442 1,,今西,,34.7436268,132.9045232,37442 1,,0,,,,
37443 1,,中の段,,34.7455606,132.9077677,37443 1,,0,,,,
37444 1,,上谷,,34.7507371,132.9098043,37444 1,,0,,,,
37445 1,,甲名橋,,34.7555658,132.9115992,37445 1,,0,,,,
37446 1,,田幸保育所前,,34.7574097,132.9140783,37446 1,,0,,,,
37447 1,,信貞下,,34.7626637,132.915115,37447 1,,0,,,,
37448 1,,才の峠,,34.7653601,132.9167379,37448 1,,0,,,,
37449 1,,塩町中学校,,34.7713491,132.9135783,37449 1,,0,,,,
37450 1,,塩町駅,,34.7745456,132.9146783,37450 1,,0,,,,
37451 1,,塩町,,34.7760603,132.9146982,37451 1,,0,,,,
37452 1,,美波羅橋,,34.7779378,132.911582,37452 1,,0,,,,
37453 1,,神杉,,34.7823047,132.9050091,37453 1,,0,,,,
37454 1,,掛原,,34.788099,132.895902,37454 1,,0,,,,
37455 1,,長土手,,34.7920146,132.8919522,37455 1,,0,,,,
37456 1,,緑橋,,34.7969596,132.8858526,37456 1,,0,,,,
37457 1,,平和橋,,34.6657368,132.8569456,37457 1,,0,,,,
37458 1,,敷名八幡神社前,,34.6710454,132.8589479,37458 1,,0,,,,
37459 1,,敷名陰地,,34.6728618,132.8634246,37459 1,,0,,,,
37460 1,,蔵谷橋,,34.6740404,132.8667477,37460 1,,0,,,,
37461 1,,天満橋,,34.6760473,132.8721927,37461 1,,0,,,,
37462 1,,今原,,34.68319657,132.8740756,37462 1,,0,,,,
37463 1,,糸井池上,,34.7472416,132.8976464,37463 1,,0,,,,
37464 1,,田幸,,34.7576513,132.8976426,37464 1,,0,,,,
37465 1,,風土記の丘入口,,34.7631946,132.8943074,37465 1,,0,,,,
37466 1,,岩倉橋,,34.7677981,132.8912965,37466 1,,0,,,,
37467 1,,長尾,,34.7706205,132.8869257,37467 1,,0,,,,
37468 1,,廻神,,34.776409,132.8850727,37468 1,,0,,,,
37469 1,,鍛冶屋,,34.781088,132.8800786,37469 1,,0,,,,
37469 2,,鍛冶屋,,34.7813457,132.8799306,37469 2,,0,,,,
37470 1,,信平橋,,34.7967253,132.8573457,37470 1,,0,,,,
37471 1,,南駅口,,34.8021999,132.8536869,37471 1,,0,,,,
37472 1,,西酒屋,,34.7910385,132.858276,37472 1,,0,,,,
37481 1,,永石,,34.9065506,132.9253733,37481 1,,0,,,,
37482 1,,一日市下,,34.9129509,132.9193233,37482 1,,0,,,,
37483 1,,ＪＡ三次営農センター,,34.7774582,132.8899404,37483 1,,0,,,,
37483 2,,ＪＡ三次営農センター,,34.7774747,132.8902636,37483 2,,0,,,,
37484 1,,工業団地口南,,34.7821866,132.8751754,37484 1,,0,,,,
37484 2,,工業団地口南,,34.7822847,132.875305,37484 2,,0,,,,
37485 1,,田園文化センター前,,34.8534741,133.0099166,37485 1,,0,,,,
37486 1,,ふれあいセンター,,34.8865497,133.2776317,37486 1,,0,,,,
37486 3,,ふれあいセンター,,34.8865498,133.2776266,37486 3,,0,,,,
37508 1,,和知,,34.8087628,132.9308387,37508 1,,0,,,,
37511 1,,道の駅たかの,,35.024065,132.8814016,37511 1,,0,,,,
37512 1,,モーモー物産館,,34.9070861,132.8795801,37512 1,,0,,,,
37513 1,,三次インター,,34.7873685447965,132.861855144014,37513 1,,0,,,,
37513 2,,三次インター,,34.7873518802034,132.861871810064,37513 2,,0,,,,
37517 1,,ゆめランド布野,,34.8558233,132.7969408,37517 1,,0,,,,
37517 2,,ゆめランド布野,,34.855825,132.7969415,37517 2,,0,,,,
37518 1,,三和支所,,34.6633469,132.8427761,37518 1,,0,,,,
37518 2,,三和支所,,34.6633492,132.8427768,37518 2,,0,,,,
37524 1,,川の駅常清,,34.867457,132.7062405,37524 1,,0,,,,
37525 1,,川西郷の駅,,34.7190201,132.8953236,37525 1,,0,,,,
37526 1,,丘陵公園北口,,34.8486941,133.0066121,37526 1,,0,,,,
37602 1,,道の駅ＧＲ大和,,34.967672,132.6419098,37602 1,,0,,,,
37603 1,,石見都賀,,34.9568912,132.6417452,37603 1,,0,,,,
37807 1,,ウィル西城前,,34.9390234533473,133.117360274662,37807 1,,0,,,,
37807 2,,ウィル西城前,,34.939023453347231305253,133.1173602745460596622036,37807 2,,0,,,,
37808 1,,西城保育園前,,34.9380235498189,133.116760370526,37808 1,,0,,,,
37809 1,,みらさか学園入口,,34.7622748,132.9662825,37809 1,,0,,,,
37809 2,,みらさか学園入口,,34.7622222,132.9663689,37809 2,,0,,,,
37810 1,,三良坂支所前,,34.7634061278051,132.958414894872,37810 1,,0,,,,
37810 2,,三良坂支所前,,34.7634894542634,132.958531548014,37810 2,,0,,,,
37811 1,,帝釈,,34.8471352578128,133.230488443957,37811 1,,0,,,,
37811 2,,帝釈,,34.8471351,133.2304932,37811 2,,0,,,,
37815 1,,日赤前,,34.8589643,133.0119082,37815 1,,0,,,,
37815 2,,日赤前,,34.8587981,133.0106294,37815 2,,0,,,,
37816 1,,安佐北区役所入口,,34.5167912915678,132.507230387814,37816 1,,0,,,,
37816 2,,安佐北区役所入口,,34.5166746335948,132.507013744511,37816 2,,0,,,,
37817 1,,河戸帆待川駅,,34.5170911867161,132.503064053348,37817 1,,0,,,,
37818 1,,中河戸,,34.5174411038772,132.500464253147,37818 1,,0,,,,
37820 1,,長井,,34.5175076958864,132.49659790451,37820 1,,0,,,,
37820 2,,長井,,34.5174233,132.4967307,37820 2,,0,,,,
37821 1,,北部医療センター安佐市民病院,,34.5165077853724,132.495598033591,37821 1,,0,,,,
37821 2,,北部医療センター安佐市民病院,,34.5165077853724,132.495598033591,37821 2,,0,,,,
37823 1,,桜花の郷ラフォーレ庄原,,34.8517294,133.0320201,37823 1,,0,,,,
37843 1,,大芝生広場前,,34.837665582207903381471,133.0002413352150456597190,37843 1,,0,,,,
37843 2,,大芝生広場前,,34.837665582498967451823,133.0002580003490080054450,37843 2,,0,,,,
37844 1,,第３駐車場前,,34.839282178924911329570,133.0061407707692548769588,37844 1,,0,,,,
37844 2,,第３駐車場前,,34.839282179507039487738,133.0061741010381794853678,37844 2,,0,,,,
37845 1,,第４駐車場前,,34.843548466282693931468,133.0105402089932435841772,37845 1,,0,,,,
37845 2,,第４駐車場前,,34.843548465991620605196,133.0105235433293252512412,37845 2,,0,,,,
37846 1,,第５駐車場北入口,,34.848397878681473365802,133.0066403093227007800988,37846 1,,0,,,,
37846 2,,第５駐車場北入口,,34.848397877808271881362,133.0065903133898578387538,37846 2,,0,,,,
37847 1,,第６駐車場前,,34.847581210963502932103,133.0015574359346155807356,37847 1,,0,,,,
37847 2,,第６駐車場前,,34.847581211254567002455,133.0015741010685779264616,37847 2,,0,,,,
37848 1,,第２駐車場前,,34.842781704287800929157,133.0003910871864956002556,37848 1,,0,,,,
37848 2,,第２駐車場前,,34.842781704869933715285,133.0004244177203982022696,37848 2,,0,,,,
37991 1,,庄原格致高校,,34.861346450199763604784,133.0041065904691410446958,37991 1,,0,,,,
37991 2,,庄原格致高校,,34.860863156741112738516,133.0034566666568159984866,37991 2,,0,,,,
37992 1,,上原町,,34.850380739409506320645,132.9916747939278844070148,37992 1,,0,,,,
37992 2,,上原町,,34.850347405967628652178,132.9915081430599843499232,37992 2,,0,,,,
37996 1,,広域公園前駅,,34.435431452670385696458,132.3999430441699830755958,37996 1,,0,,,,2
37996 2,,広域公園前駅,,34.435248142770746531596,132.4001597012096373271978,37996 2,,0,,,,
4 1,,広島バスセンター,,34.3961739,132.4564207,4 1,,0,,,,
4 2,,広島バスセンター,,34.3961728,132.4564235,4 2,,0,,,,9
80010 1,,★備後落合駅前,,35.002083922889385934731,133.1487714289206379878744,80010 1,,0,,,,
80010 2,,★備後落合駅前,,35.002117253420604335446,133.148771427386002862415,80010 2,,0,,,,
80011 1,,★植木,,35.008600411502467402411,133.1784353320172964829784,80011 1,,0,,,,
80011 2,,★植木,,35.008617076529338102122,133.178451995855009588956,80011 2,,0,,,,
80017 1,,★備後西城駅,,34.940156715221830037735,133.1202099854951274098260,80017 1,,0,,,,
80017 2,,★備後西城駅,,34.940190044958333442310,133.120209983960528875369,80017 2,,0,,,,
80019 1,,★小奴可駅入口,,34.993085958073653673465,133.2101500792774472846610,80019 1,,0,,,,
80019 2,,★小奴可駅入口,,34.993085957782580347193,133.2101334136135289517250,80019 2,,0,,,,
90086 1,,新丁,,34.8930978,133.2733828,90086 1,,0,,,,
90086 3,,新丁,,34.8932155,133.2734224,90086 3,,0,,,,
91058 2,,本郷ＰＡ,,34.716505551897643077835,132.6382936399740597584802,91058 2,,0,,,,
