stop_id,direction
1501 1,おりば
1501 2,各方面
1502 1,
1502 2,高速バス
2 1,1番のりば 広島駅方面
2002 1,広島方面
2002 2,西風新都方面
2004 1,広島方面
2004 2,三段峡方面
2005 1,広島方面
2005 2,三段峡方面
2006 1,広島方面
2006 2,三段峡方面
2007 1,広島方面
2007 2,三次方面
2008 1,広島方面
2008 2,三次方面
2009 1,広島方面
2009 2,三次方面
2010 1,工業団地・中央病院方面
2010 2,各方面行き
2010 3,広島方面
2010 4,庄原・東城方面行
2012 1,庄原・工業団地方面
2012 2,吉田・赤名・君田方面
2013 1,庄原・工業団地方面
2013 2,吉田・赤名・君田方面
2014 1,庄原・工業団地方面
2014 2,吉田・赤名・君田方面
2015 1,庄原・工業団地方面
2015 2,赤名・君田方面
2016 1,庄原・工業団地方面
2016 2,赤名・君田方面
2017 1,庄原・工業団地方面
2017 2,赤名・君田方面
2019 1,広島方面
2019 2,西風新都方面
2020 1,広島方面
2020 2,西風新都方面
2022 1,広島バスセンター方面
2022 2,高陽方面
3 1,広島駅方面
36012 1,
36012 2,庄原方面
36013 1,庄原・三次・県北方面
36013 2,本村・実留方面
36013 31,庄原・三次・県北方面
36013 32,本村・実留方面
36014 1,
36014 2,県立大学・地域生活バス
36015 1,
36015 2,
36016 1,東城駅・各方面
36016 2,
36016 22,東城駅・各方面
36016 3,東城駅・各方面
36017 1,
36017 20,
36017 3,
36018 1,
36053 1,北部方面
36053 2,広島方面
36054 1,北部方面
36054 2,広島方面
36055 1,北部方面
36055 2,広島方面
36056 1,北部方面
36056 2,広島方面
36057 1,北部方面
36057 2,広島方面
36058 1,北部方面
36058 2,広島方面
36059 1,北部方面
36059 2,広島方面
36060 1,北部方面
36060 2,広島方面
36061 1,北部方面
36061 2,広島方面
36062 1,北部方面
36062 2,広島方面
36063 2,広島方面
36064 1,北部方面
36064 2,広島方面
36065 1,北部方面
36065 2,広島方面
36066 1,北部方面
36066 2,広島方面
36067 1,北部方面
36067 2,広島方面
36068 1,志屋・吉田方面
36068 2,志屋・吉田方面
36069 1,
36069 2,
36080 1,
36080 2,
36081 1,
36081 2,
36082 1,
36082 2,
36083 1,広島方面
36083 2,吉田方面
36084 1,広島方面
36084 2,吉田方面
36085 1,広島方面
36085 2,吉田方面
36086 1,広島方面
36086 2,吉田方面
36087 1,広島方面
36087 2,吉田方面
36088 1,広島方面
36088 2,広島方面
36089 1,吉田方面
36089 2,向原・三次方面
36090 1,吉田方面
36090 2,向原・三次方面
36091 1,吉田方面
36091 2,向原・三次方面
36092 1,吉田方面
36092 2,向原・三次方面
36093 1,吉田方面
36093 2,向原・三次方面
36094 1,吉田方面
36094 2,向原・三次方面
36098 1,吉田方面
36098 2,三次方面
36099 1,吉田方面
36100 1,三次方面
36101 1,吉田営業所方面
36101 2,三次方面
36103 1,吉田営業所方面
36103 2,三次方面
36104 1,吉田営業所方面
36104 2,三次方面
36105 1,吉田営業所方面
36105 2,三次方面
36106 1,吉田営業所方面
36106 2,三次方面
36107 1,吉田営業所方面
36107 2,三次方面
36108 1,吉田営業所方面
36108 2,三次方面
36109 1,吉田営業所方面
36109 2,三次方面
36110 1,吉田・敷名方面
36110 2,三次方面
36111 1,吉田・敷名方面
36111 2,三次方面
36112 1,吉田・敷名方面
36112 2,三次方面
36113 1,吉田営業所方面
36113 10,
36113 2,三次方面
36114 1,吉田営業所方面
36114 2,三次方面
36115 1,吉田営業所方面
36115 2,三次方面
36116 1,吉田営業所方面
36116 2,三次方面
36117 1,吉田営業所方面
36117 2,三次方面
36118 1,吉田営業所方面
36118 2,三次方面
36119 1,庄原・工業団地方面
36119 2,赤名・君田・口和方面
36127 1,庄原・工業団地方面
36127 2,三次駅・県北方面
36128 1,三次駅方面
36128 21,三次駅方面
36128 22,庄原方面
36129 1,三次駅方面
36129 21,三次駅方面
36129 22,庄原方面
36130 1,三次駅方面
36130 21,三次駅方面
36130 22,庄原方面
36131 1,三次駅方面
36131 21,三次駅方面
36131 22,庄原方面
36132 1,三次駅方面
36132 21,三次駅方面
36132 22,庄原方面
36133 1,三次駅方面
36133 21,三次駅方面
36133 22,庄原方面
36137 1,三次方面
36137 21,三次駅方面
36137 22,庄原方面
36138 1,三次方面
36138 21,三次駅方面
36138 22,庄原方面
36139 1,三次方面
36139 21,三次駅方面
36139 22,庄原方面
36140 1,三次駅方面
36140 2,庄原方面
36140 21,三次駅方面
36140 22,庄原方面
36141 1,三次方面
36141 21,三次駅方面
36141 22,庄原方面
36142 1,三次方面
36142 21,三次駅方面
36142 22,庄原方面
36143 1,三次方面
36143 21,三次駅方面
36143 22,庄原方面
36144 1,三次方面
36144 21,三次駅方面
36144 22,庄原方面
36145 21,三次駅方面
36145 22,庄原方面
36146 1,三次方面
36146 21,三次駅方面
36146 22,庄原方面
36147 1,三次方面
36147 21,三次駅方面
36147 22,庄原方面
36148 1,三次方面
36148 21,三次駅方面
36148 22,庄原方面
36149 1,三次方面
36149 21,三次駅方面
36149 22,庄原方面
36150 1,三次方面
36150 21,三次駅方面
36150 22,庄原方面
36151 1,三次方面
36151 21,三次駅方面
36151 22,庄原方面
36152 1,庄原方面
36152 21,三次駅方面
36152 22,庄原方面
36153 21,三次駅方面
36153 22,庄原方面
36154 1,三次駅方面
36154 21,三次駅方面
36154 22,庄原方面
36155 1,三次駅方面
36155 21,三次駅方面
36155 22,庄原方面
36156 1,三次方面・各方面
36156 10,三次方面・各方面
36156 11,三次方面・各方面
36156 12,三次方面・各方面
36156 2,三次方面・各方面
36156 4,三次方面・各方面
36156 5,三次方面・各方面
36156 6,三次方面・各方面
36156 7,三次方面・各方面
36156 8,三次方面・各方面
36156 9,三次方面・各方面
36157 1,県道沿い（各方面）
36157 2,県道沿い（各方面）
36158 1,庄原駅方面
36158 2,三次方面・各方面
36158 31,庄原駅方面
36158 32,三次方面・各方面
36159 1,庄原駅方面
36159 2,三次方面・各方面
36159 31,庄原駅方面
36159 32,三次方面・各方面
36160 1,庄原駅方面
36160 2,三次方面・各方面
36160 31,庄原駅方面
36160 32,三次方面・各方面
36161 1,庄原駅方面
36161 2,西城方面
36162 1,庄原駅方面
36162 2,西城方面
36163 1,庄原駅方面
36163 2,西城方面
36164 1,庄原駅方面
36164 2,西城方面
36165 1,庄原駅方面
36165 2,西城方面
36166 1,庄原駅方面
36166 2,西城方面
36167 1,庄原駅方面
36167 2,西城方面
36168 1,庄原駅方面
36168 2,西城方面
36169 1,庄原駅方面
36169 2,西城方面
36170 1,庄原駅方面
36170 2,西城方面
36171 1,庄原駅方面
36171 2,西城方面
36172 1,庄原駅方面
36172 2,西城方面
36173 1,庄原駅方面
36173 2,西城方面
36174 1,庄原駅方面
36174 2,西城方面
36175 1,庄原駅方面
36175 2,西城方面
36176 1,西城方面
36176 2,庄原駅方面
36177 1,庄原駅方面
36177 2,西城方面
36178 1,庄原駅方面
36178 2,西城方面
36179 1,庄原駅方面
36179 2,西城方面
36180 1,庄原駅方面
36180 2,西城方面
36181 1,庄原駅方面
36181 2,西城方面
36182 1,庄原駅方面
36182 2,西城方面
36183 1,庄原駅方面
36183 2,西城方面
36184 1,
36185 1,庄原駅方面
36185 2,西城方面
36186 1,庄原駅方面
36186 2,西城方面
36187 1,庄原駅方面
36187 2,西城方面
36188 1,庄原駅方面
36188 2,
36189 1,庄原駅方面
36189 2,庄原駅方面
36200 1,
36201 1,
36202 1,
36203 1,
36204 1,
36205 1,
36210 1,日赤・庄原方面
36210 2,高野・口和方面
36210 31,日赤・庄原方面
36210 32,高野・口和方面
36210 33,三次駅方面
36211 1,日赤・庄原方面
36211 2,日赤・庄原方面
36212 1,日赤・庄原方面
36212 2,日赤・庄原方面
36213 1,秋国・高野・庄原方面
36213 2,秋国・高野・庄原方面
36213 31,秋国・高野・庄原方面
36213 33,口和・庄原方面
36214 1,
36214 2,
36215 1,
36215 2,
36216 1,
36216 2,
36217 1,
36217 2,
36218 1,
36218 2,
36219 1,
36219 2,
36220 1,
36220 2,
36221 1,庄原方面
36221 2,高野方面
36221 31,庄原方面
36221 32,高野方面
36222 1,庄原方面
36222 2,高野方面
36222 31,庄原方面
36222 32,高野方面
36223 1,
36223 2,
36224 1,
36224 2,
36225 1,
36225 2,
36226 1,
36226 2,
36227 1,
36227 2,
36228 1,
36228 2,
36229 1,
36229 2,
36230 1,
36230 2,
36231 1,
36231 2,
36232 1,
36232 2,
36233 1,
36233 2,
36234 1,
36234 2,
36235 1,
36235 2,
36236 1,
36237 0,
36237 1,
36238 1,
36239 1,
36240 1,
36241 1,
36242 1,
36243 31,
36244 1,
36245 1,
36246 1,
36247 1,
36248 1,
36249 1,
36250 1,
36251 1,
36252 1,
36253 1,
36254 31,道の駅・工業団地方面
36254 32,庄原・新市方面
36255 1,
36256 1,
36257 1,
36258 1,
36259 1,
36260 1,
36280 1,
36281 1,
36282 1,
36283 1,
36284 1,
36285 1,
36286 1,
36287 1,
36288 1,
36289 1,
36290 1,
36291 1,
36292 1,
36293 1,
36294 1,
36300 1,
36301 1,
36302 1,
36310 1,庄原・三次・県北方面
36310 2,庄原中方面
36310 31,庄原・三次・県北方面
36310 32,庄原中方面
36312 31,庄原方面
36312 32,本村方面
36313 31,庄原方面
36313 32,本村方面
36314 31,庄原方面
36314 32,本村方面
36315 31,庄原方面
36315 32,本村方面
36316 31,庄原方面
36316 32,本村方面
36317 31,庄原方面
36317 32,本村方面
36318 31,庄原方面
36318 32,本村方面
36319 31,庄原方面
36319 32,本村方面
36320 31,庄原方面
36320 32,本村方面
36321 1,
36322 1,
36323 1,
36324 1,
36325 1,
36326 1,
36327 1,
36328 1,
36329 1,
36330 1,
36331 1,
36332 1,
36333 1,
36334 1,
36340 2,本村・実留方面
36340 31,庄原方面
36340 32,本村・実留方面
36341 31,庄原方面
36341 32,本村・実留方面
36342 31,庄原方面
36342 32,本村・実留方面
36343 1,
36344 1,庄原・西城方面
36344 31,庄原・西城方面
36344 32,実留方面
36345 1,
36346 1,
36347 1,
36348 1,
36349 1,
36350 1,
36351 1,
36351 11,
36352 1,
36353 1,
36354 1,
36355 1,
36356 1,庄原方面
36357 1,庄原方面
36358 1,三良坂駅方面
36359 1,
36360 1,三良坂駅方面
36361 1,庄原方面
36362 1,
36363 1,庄原駅方面
36364 1,庄原駅方面
36365 1,庄原方面
36365 2,三良坂駅方面
36367 1,庄原駅方面
36367 2,三良坂駅方面
36368 1,
36368 2,庄原駅方面
36380 2,
36382 2,
36382 22,庄原方面
36383 22,庄原駅方面
36390 1,県立大学バスロータリー方面
36390 2,県立大学バスロータリー方面
36391 1,庄原駅・県立大学バスロータリー方面
36391 2,庄原駅・県立大学バスロータリー方面
36392 1,
36392 2,
36404 1,庄原駅方面
36410 1,
36411 1,
36412 1,
36414 1,福山通運側
36414 2,小学校側
36415 1,幼稚園側
36415 2,こどもクリニック側
36416 1,
36417 1,庄原・西城方面
36417 2,庄原・西城方面
36417 31,庄原・西城方面
36417 32,庄原・西城方面
36418 1,
36419 1,
36420 1,
36421 1,
36423 1,
36424 1,
36426 1,
36538 1,
36560 1,
36561 1,
36570 1,
36570 2,
36571 1,各方面
36571 2,各方面
36572 1,
36573 1,
36573 2,
36574 1,工業団地・中央病院・敷名方面
36574 2,三次駅・県北方面
36575 1,工業団地・中央病院・敷名方面
36575 2,三次駅・県北方面
36576 1,各方面
36576 2,
36577 1,工業団地・中央病院・敷名方面
36577 2,三次駅・県北方面
36590 1,工業団地・中央病院方面
36590 2,作木・君田方面
36591 1,工業団地・中央病院方面
36591 2,君田・湯木方面
36592 1,工業団地・中央病院方面
36592 2,君田・湯木方面
36593 1,工業団地・中央病院方面
36593 2,君田・湯木方面
36594 1,工業団地・中央病院方面
36594 2,君田・湯木方面
36595 1,工業団地・中央病院方面
36595 2,君田・湯木方面
36596 1,工業団地・中央病院方面
36596 2,君田・湯木方面
36597 1,工業団地・中央病院方面
36597 2,高野・口和方面
36598 1,
36599 1,
36600 1,工業団地・中央病院方面
36600 2,工業団地・中央病院方面
36601 1,工業団地・中央病院方面
36601 2,高野・口和方面
36602 1,工業団地・中央病院方面
36602 2,高野・口和方面
36603 1,工業団地・中央病院方面
36603 2,工業団地・中央病院方面
36604 1,工業団地・中央病院方面
36604 2,工業団地・中央病院方面
36605 1,
36606 1,
36607 1,
36608 1,
36609 1,
36610 1,工業団地・中央病院方面
36610 2,高野・口和方面
36611 1,
36612 1,
36613 1,
36614 1,
36615 1,
36617 1,
36618 1,
36633 1,
36640 1,
36641 1,
36642 1,
36644 1,
36645 1,
36653 1,
36654 1,
36655 10,三次中央病院・宮内方面
36655 11,庄原・宮内方面
36656 1,
36658 1,
36659 1,
36690 1,
36691 1,
36692 1,
36693 1,
36694 1,
36695 1,
36696 1,
36697 1,
36698 1,
36699 1,
36700 1,
36701 1,
36702 1,
36703 1,
36704 1,
36710 1,工業団地・中央病院方面
36710 2,赤名・作木方面
36711 1,工業団地・中央病院方面
36711 2,赤名・作木方面
36712 1,工業団地・中央病院方面
36712 2,赤名・作木方面
36713 1,工業団地・中央病院方面
36713 2,赤名・作木方面
36714 1,工業団地・中央病院方面
36714 2,赤名・作木方面
36715 1,工業団地・中央病院方面
36715 2,赤名・作木方面
36716 1,工業団地・中央病院方面
36716 2,赤名・作木方面
36717 1,工業団地・中央病院方面
36717 2,赤名・作木方面
36718 1,工業団地・中央病院方面
36718 2,赤名・作木方面
36719 1,工業団地・中央病院方面
36719 2,赤名・作木方面
36720 1,工業団地・中央病院方面
36720 2,工業団地・中央病院方面
36721 1,工業団地・中央病院方面
36721 2,赤名・作木方面
36722 1,赤名・作木方面
36722 2,工業団地・中央病院方面
36723 1,工業団地・中央病院方面
36723 2,赤名・作木方面
36724 1,工業団地・中央病院方面
36724 2,赤名・作木方面
36725 1,工業団地・中央病院方面
36725 2,赤名・作木方面
36726 1,工業団地・中央病院方面
36726 2,赤名・作木方面
36727 1,三次中央病院方面
36727 2,赤名・頓原方面
36728 1,三次中央病院方面
36728 2,赤名・頓原方面
36729 1,三次中央病院方面
36729 2,赤名・頓原方面
36730 1,三次中央病院方面
36730 2,赤名・頓原方面
36731 1,三次中央病院方面
36731 2,赤名・頓原方面
36732 1,三次中央病院方面
36732 2,赤名・頓原方面
36733 1,三次中央病院方面
36733 2,赤名・頓原方面
36734 1,三次中央病院方面
36734 2,赤名・頓原方面
36735 1,三次中央病院方面
36735 2,赤名・頓原方面
36736 1,三次中央病院方面
36736 2,赤名・頓原方面
36737 1,三次中央病院方面
36737 2,赤名・頓原方面
36738 1,三次中央病院方面
36738 2,赤名・頓原方面
36739 1,三次中央病院方面
36739 2,赤名・頓原方面
36740 1,三次中央病院方面
36740 2,赤名・頓原方面
36741 1,三次方面
36741 2,赤名・頓原方面
36742 1,三次中央病院方面
36742 2,赤名・頓原方面
36743 1,三次中央病院方面
36743 2,赤名・頓原方面
36744 1,三次中央病院方面
36744 2,赤名・頓原方面
36745 1,三次中央病院方面
36745 2,赤名・頓原方面
36746 1,三次中央病院方面
36746 2,赤名・頓原方面
36747 1,三次中央病院方面
36747 2,
36760 1,
36761 1,
36762 1,
36763 1,
36764 1,
36765 1,
36766 1,
36767 1,
36768 1,
36769 1,
36770 1,
36771 1,
36772 1,
36773 1,
36774 1,
36775 1,
36776 1,
36777 1,
36778 1,
36779 1,
36780 1,
36781 1,
36782 1,
36783 1,
36784 1,
36785 1,各方面
36789 1,
36790 1,
36791 1,
36792 1,
36799 1,
36830 1,三次駅・工業団地・中央病院方面
36830 2,
36831 1,三次駅・工業団地・中央病院方面
36831 2,
36832 1,三次駅・工業団地・中央病院方面
36832 2,
36833 1,三次駅・工業団地・中央病院方面
36833 2,
36834 1,三次駅・工業団地・中央病院方面
36834 2,
36835 1,三次駅・工業団地・中央病院方面
36835 2,
36836 1,三次駅・工業団地・中央病院方面
36836 2,
36837 1,三次駅・工業団地・中央病院方面
36837 2,
36838 1,三次駅・工業団地・中央病院方面
36838 2,
36839 1,三次駅・工業団地・中央病院方面
36839 2,
36840 1,高野・三次方面
36840 2,
36841 1,
36841 2,
36860 1,
36861 1,
36862 1,
36863 1,
36864 1,
36865 1,
36866 1,
36867 1,
36868 1,
36869 1,
36870 1,
36871 1,
36872 1,
36873 1,
36874 1,
36875 1,
36876 1,
36877 1,
36878 1,
36879 1,
36880 1,
36881 1,
36882 1,
36883 1,
36884 1,
36885 1,三次駅・敷名方面
36885 2,志和地・三次方面
36886 1,三次駅・廻神方面
36886 2,志和地・三次方面
36887 1,
36887 2,
36940 1,
36940 22,
36940 3,
36941 1,
36941 22,
36941 3,
36942 1,
36942 22,
36942 3,
36943 1,
36943 2,
36943 3,
36944 1,
36944 22,
36944 3,
36945 1,
36945 22,
36945 3,
36946 1,
36946 22,東城駅・各方面
36947 1,
36947 3,
36948 1,
36948 2,
36948 3,
36949 1,
36949 3,
36950 1,
36950 3,
36951 1,
36951 3,
36952 1,
36953 1,
36954 1,
36955 1,
36956 1,
36957 1,
36958 1,
36959 1,
36960 1,
36961 1,
36962 1,
36963 1,
36964 1,
36965 1,
36966 1,
36967 1,
36968 1,
36969 1,
36970 1,
36971 1,
36972 1,
36973 1,
36974 1,
36975 1,
36976 1,
36977 1,
36978 1,
36979 1,
36980 1,
36981 1,
36990 1,
36990 3,
36991 1,
36992 1,
36993 1,
36994 1,
36995 1,
36996 1,
36997 1,
36998 1,
36999 1,
37000 1,
37001 1,
37002 1,
37003 1,
37004 1,
37005 1,
37006 1,
37007 1,
37008 1,
37009 1,
37010 1,
37020 1,
37021 1,
37022 1,
37023 1,
37024 1,
37025 1,
37026 1,
37027 1,
37028 1,
37029 1,
37040 1,
37040 3,
37041 1,
37041 3,
37042 1,
37042 3,
37043 3,
37044 1,
37044 3,
37045 1,
37045 22,
37045 3,
37046 1,
37046 2,
37046 3,
37047 1,
37047 3,
37048 1,
37048 3,
37049 1,
37049 3,
37050 1,
37050 3,
37051 1,
37051 3,
37052 1,
37052 3,
37053 1,
37220 1,
37220 2,
37221 1,
37221 2,
37222 1,
37222 2,
37223 1,
37223 2,
37224 1,
37224 2,
37320 1,吉田方面
37320 2,志屋・三次方面
37321 1,吉田方面
37321 2,志屋・三次方面
37322 1,吉田方面
37322 2,志屋・三次方面
37323 1,吉田方面
37323 2,三次方面
37323 3,吉田市街地方面
37323 4,向原・志屋・可部方面
37324 1,
37324 2,
37325 1,向原・可部方面
37325 2,吉田方面
37326 1,向原・可部方面
37326 2,吉田方面
37327 1,向原・可部方面
37327 2,吉田方面
37328 1,向原・可部方面
37328 2,吉田方面
37329 1,向原・可部方面
37329 2,吉田方面
37330 1,向原・可部方面
37330 2,吉田方面
37331 1,向原・可部方面
37331 2,向原・可部方面
37332 1,向原・可部方面
37332 2,吉田方面
37333 1,向原・可部方面
37333 2,吉田方面
37334 1,向原・可部方面
37334 2,吉田方面
37335 1,向原・可部方面
37335 2,吉田方面
37336 1,向原駅方面
37336 2,向原駅方面
37336 3,向原駅方面
37337 1,向原駅方面
37337 2,吉田方面
37338 1,
37338 2,
37339 1,安佐市民病院方面
37339 2,向原・吉田方面
37340 1,安佐市民病院方面
37340 2,向原・吉田方面
37341 1,安佐市民病院方面
37341 2,向原・吉田方面
37342 1,安佐市民病院方面
37342 2,向原・吉田方面
37343 1,安佐市民病院方面
37343 2,向原・吉田方面
37344 1,向原・吉田方面
37344 2,向原・吉田方面
37345 1,安佐市民病院方面
37345 2,安佐市民病院方面
37346 1,向原・吉田方面
37346 2,向原・吉田方面
37347 1,向原・吉田方面
37347 2,向原・吉田方面
37348 1,志屋方面
37348 2,向原駅方面
37349 1,志屋方面
37349 2,向原駅方面
37350 1,志屋方面
37350 2,向原駅方面
37351 1,各方面
37351 2,各方面
37352 1,
37352 2,
37353 1,安佐市民病院方面
37353 2,安佐市民病院方面
37354 1,
37354 2,
37355 1,安佐市民病院方面
37355 2,安佐市民病院方面
37356 1,志屋・安佐市民病院方面
37356 2,志屋・安佐市民病院方面
37357 1,
37357 2,
37358 1,
37358 2,
37359 1,安佐市民病院方面
37359 2,安佐市民病院方面
37360 1,
37360 2,
37361 1,
37361 2,
37362 1,各方面
37362 2,各方面
37363 1,
37363 2,
37364 1,
37364 2,
37365 1,
37365 2,
37366 1,
37366 2,
37367 1,
37367 2,
37368 1,
37368 2,
37369 1,
37369 2,
37370 1,
37370 2,
37371 1,
37371 2,
37420 1,
37421 1,
37422 1,
37423 1,
37424 1,
37425 1,
37426 1,
37427 1,
37428 1,
37429 1,
37430 1,
37431 1,
37432 1,
37433 1,
37434 1,
37435 1,
37436 1,
37437 1,
37438 1,
37439 1,
37440 1,
37441 1,
37442 1,
37443 1,
37444 1,
37445 1,
37446 1,
37447 1,
37448 1,
37449 1,
37450 1,
37451 1,
37452 1,
37453 1,
37454 1,
37455 1,
37456 1,
37457 1,
37458 1,
37459 1,
37460 1,
37461 1,
37462 1,
37463 1,
37464 1,
37465 1,
37466 1,
37467 1,
37468 1,
37469 1,中央病院・三次駅方面
37469 2,廻神・庄原方面
37470 1,
37471 1,
37472 1,
37481 1,
37482 1,
37483 1,中央病院・三次駅方面
37483 2,庄原方面
37484 1,三次駅方面
37484 2,工業団地・廻神・庄原方面
37485 1,
37486 1,
37486 3,
37508 1,
37511 1,
37512 1,
37513 1,広島方面
37513 2,
37517 1,
37517 2,
37518 1,
37518 2,
37524 1,
37525 1,
37526 1,
37602 1,
37603 1,
37807 1,庄原方面・西城中野方面
37807 2,
37808 1,庄原方面・西城中野方面
37809 1,庄原方面
37809 2,三良坂駅方面
37810 1,三良坂駅方面
37810 2,庄原駅方面
37811 1,東城・庄原・広島方面
37811 2,到着専用
37815 1,県道沿い（庄原駅方面）
37815 2,県道沿い（県大方面）
37816 1,可部方面
37816 2,北部医療センター・安佐営業所方面
37817 1,備北交通：各方面
37818 1,備北交通：各方面
37820 1,可部方面
37820 2,北部医療センター・安佐営業所方面
37821 1,大毛寺薬師堂方面
37821 2,到着専用
37823 1,
37843 1,広島方面
37843 2,
37844 1,広島方面
37844 2,
37845 1,広島方面
37845 2,
37846 1,広島方面
37846 2,
37847 1,広島方面
37847 2,
37848 1,広島方面
37848 2,
37991 1,三次駅方面
37991 2,庄原方面
37992 1,三次駅方面
37992 2,庄原方面
37996 1,広島方面　大塚方
37996 2,庄原方面
4 1,降車ホーム側、広島駅ゆき
4 2,9 高速バス：三次・庄原、 32号高陽方面：にぎつ経由
80010 1,
80010 2,
80011 1,
80011 2,
80017 1,
80017 2,
80019 1,
80019 2,
90086 1,
90086 3,
91058 2,三次方面
