stop_id,stop_code,stop_name,stop_desc,stop_lat,stop_lon,zone_id,stop_url,location_type,parent_station,stop_timezone,wheelchair_boarding,platform_code
10 3,,江熊,,34.4176719,132.738282,10 3,,0,,,,
10 4,,江熊,,34.4178399,132.7380327,10 4,,0,,,,
11 3,,市立中央図書館前,,34.4149584,132.7365498,11 3,,0,,,,
11 4,,市立中央図書館前,,34.4153685,132.736563,11 4,,0,,,,
12 3,,鏡山公園入口,,34.4079361,132.7287486,12 3,,0,,,,
12 4,,鏡山公園入口,,34.4085125,132.7309942,12 4,,0,,,,
13 3,,池ノ上学生宿舎前,,34.4062321,132.7231709,13 3,,0,,,,
13 4,,池ノ上学生宿舎前,,34.4066274,132.7237312,13 4,,0,,,,
14 2,,広大中央口,,34.405456802114565351136,132.713451721201053297632,14 2,,0,,,,2
15 1,,広大北口,,34.4056466,132.7112251,15 1,,0,,,,
16 1,,広大二神口,,34.4025285,132.7085017,16 1,,0,,,,
17 1,,二神山,,34.4003076,132.7086379,17 1,,0,,,,
18 1,,広大西口,,34.3989923,132.7090499,18 1,,0,,,,
19 1,,大学会館前,,34.397701,132.7135643,19 1,,0,,,,1
20 1,,ががら口,,34.3979408,132.7165595,20 1,,0,,,,
2000 0,,広島バスセンター,,34.396377,132.4566408,2000 0,,0,,,,
2000 1,,広島バスセンター,,34.3961847,132.4564025,2000 1,,0,0001,,,5
2000 3,,広島バスセンター,,34.3961857,132.4564035,2000 3,,0,0001,,,5
2001 1,,八丁堀,賀茂鶴オアシス前,34.3936489,132.4646456,2001 1,,0,,,,1
2001 2,,八丁堀,,34.3932299,132.4652376,2001 2,,0,,,,0
2001 3,,八丁堀,賀茂鶴オアシス前,34.3936494,132.4646474,2001 3,,0,,,,1
2001 8,,八丁堀,,34.393237106868133240192,132.465239564376650442896,2001 8,,0,,,,
2002 1,,広島駅,,34.395703700961221611826,132.4761718754554996731188,2002 1,,0,,,,16
2002 2,,広島駅,,34.395936992604740771778,132.4752719400449972646118,2002 2,,0,,,,17
2002 3,,広島駅,,34.397286813754892256962,132.473288709431625394619,2002 3,,0,,,,23
2002 8,,広島駅,,34.396020316126847151717,132.4751719443437722693970,2002 8,,0,,,,
2003 1,,荒神町,,34.3932929,132.4786743,2003 1,,0,,,,
2003 2,,荒神町,,34.3930931,132.4786134,2003 2,,0,,,,
2004 1,,西蟹屋,,34.3918333,132.4800441,2004 1,,0,,,,
2005 1,,マツダスタジアム前,,34.3902681,132.4845941,2005 1,,0,,,,
2006 1,,広島バス大州車庫前,,34.3889079,132.4886756,2006 1,,0,,,,
2006 2,,広島バス大州車庫前,,34.3889404,132.4881842,2006 2,,0,,,,
2007 1,,大州四丁目,,34.38755,132.4933164,2007 1,,0,,,,
2007 2,,大州四丁目,,34.387105,132.494533,2007 2,,0,,,,
2008 1,,新大州橋,,34.38505528,132.501237,2008 1,,0,,,,
2008 2,,新大州橋,,34.3848562,132.5011489,2008 2,,0,,,,
2009 1,,向洋駅前,,34.3768372,132.5045253,2009 1,,0,,,,
2009 2,,向洋駅前,,34.3781685,132.5040763,2009 2,,0,,,,
2010 1,,青崎一丁目,,34.374217,132.5065267,2010 1,,0,,,,
2010 2,,青崎一丁目,,34.3738129,132.5074652,2010 2,,0,,,,
2011 1,,青崎二丁目,,34.3738794,132.5091631,2011 1,,0,,,,
2011 2,,青崎二丁目,,34.3739633,132.5099041,2011 2,,0,,,,
2012 1,,東堀越,,34.3747204,132.5158963,2012 1,,0,,,,
2012 2,,東堀越,,34.3746856,132.5144692,2012 2,,0,,,,
2013 1,,入川,,34.3741024,132.5192023,2013 1,,0,,,,
2013 2,,入川,,34.3740768,132.5188899,2013 2,,0,,,,
2014 1,,船越町,,34.3723655,132.5248262,2014 1,,0,,,,
2014 2,,船越町,,34.3718929,132.5259283,2014 2,,0,,,,
2015 1,,海田,,34.3714429,132.5277692,2015 1,,0,,,,
2015 2,,海田,,34.3709917,132.5287723,2015 2,,0,,,,
2016 1,,海田市駅入口,,34.3702518,132.5300416,2016 1,,0,,,,
2016 2,,海田市駅入口,,34.3702593,132.5298554,2016 2,,0,,,,
2017 1,,海田大正町,,34.368444,132.5323553,2017 1,,0,,,,2
2017 2,,海田大正町,,34.3686372,132.5319343,2017 2,,0,,,,1
2017 3,,海田大正町,,34.3682084,132.5306823,2017 3,,0,,,,4
2017 4,,海田大正町,,34.3675587,132.5322449,2017 4,,0,,,,3
2017 5,,海田大正町,,34.3684436,132.5323578,2017 5,,0,,,,2
2017 6,,海田大正町,,34.3686367,132.5319356,2017 6,,0,,,,1
2017 7,,海田大正町,,34.368443,132.5323568,2017 7,,0,,,,
2017 8,,海田大正町,,34.3686364,132.5319357,2017 8,,0,,,,
2018 1,,海田小学校前,,34.3696828,132.5364907,2018 1,,0,,,,1
2018 2,,海田小学校前,,34.3695272,132.5365597,2018 2,,0,,,,2
2018 3,,海田小学校前,,34.3683584,132.5369252,2018 3,,0,,,,3
2018 4,,海田小学校前,,34.3685298,132.5366859,2018 4,,0,,,,4
2018 5,,海田小学校前,,34.3683583,132.5369253,2018 5,,0,,,,
2018 6,,海田小学校前,,34.3685305,132.5366868,2018 6,,0,,,,
2019 1,,日の浦橋,,34.3714748,132.5392918,2019 1,,0,,,,
2019 2,,日の浦橋,,34.3719513,132.5405382,2019 2,,0,,,,
2020 1,,日下橋,,34.3738778,132.5438289,2020 1,,0,,,,
2020 2,,日下橋,,34.3734124,132.5433075,2020 2,,0,,,,
2021 1,,御鷹野橋,,34.3745279,132.5451963,2021 1,,0,,,,
2021 2,,御鷹野橋,,34.3748692,132.5463113,2021 2,,0,,,,
2022 1,,畝橋,,34.376559,132.5494773,2022 1,,0,,,,
2022 2,,畝橋,,34.3766358,132.5499582,2022 2,,0,,,,
2023 0,,国信橋,,34.3797091,132.5538595,2023 0,,0,,,,
2023 1,,国信橋,,34.380154,132.5546082,2023 1,,0,,,,1
2023 2,,国信橋,,34.3792418,132.5533963,2023 2,,0,,,,
2023 3,,国信橋,,34.3797103,132.5538604,2023 3,,0,,,,
2023 5,,国信橋,,34.3792408,132.5533976,2023 5,,0,,,,
2023 6,,国信橋,,34.3797108,132.5538615,2023 6,,0,,,,
2024 1,,井手橋,,34.3825083,132.5583672,2024 1,,0,,,,
2024 2,,井手橋,,34.3831682,132.5595039,2024 2,,0,,,,
2025 1,,貫道橋,,34.3870778,132.5615363,2025 1,,0,,,,
2025 2,,貫道橋,,34.3869189,132.5616515,2025 2,,0,,,,
2026 2,,中野東一丁目,,34.3897396,132.5636932,2026 2,,0,,,,
2027 1,,才の瀬橋,,34.3921091,132.5658196,2027 1,,0,,,,
2027 2,,才の瀬橋,,34.3918813,132.5659196,2027 2,,0,,,,
2028 1,,山王橋,,34.3957616,132.5714991,2028 1,,0,,,,
2028 2,,山王橋,,34.3952999,132.5707406,2028 2,,0,,,,
2029 1,,瀬野川中学校入口,,34.3967265,132.5737668,2029 1,,0,,,,
2029 2,,瀬野川中学校入口,,34.3967699,132.5742497,2029 2,,0,,,,
2030 1,,権現,,34.39823852,132.57703,2030 1,,0,,,,
2030 2,,権現,,34.3980527,132.5770167,2030 2,,0,,,,
2031 1,,平原橋,,34.4025273,132.5824831,2031 1,,0,,,,
2031 2,,平原橋,,34.40178,132.58203,2031 2,,0,,,,
2032 0,,中野東七丁目,,34.4065382,132.5818438,2032 0,,0,,,,
2032 1,,中野東七丁目,,34.4065379,132.5818435,2032 1,,0,,,,
2032 2,,中野東七丁目,,34.4060548,132.5820626,2032 2,,0,,,,
2033 1,,荒野,,34.4108311,132.5842951,2033 1,,0,,,,
2033 2,,荒野,,34.4104327,132.5842025,2033 2,,0,,,,
2034 1,,宮原橋,,34.4152262,132.5864329,2034 1,,0,,,,
2034 2,,宮原橋,,34.413503,132.5859784,2034 2,,0,,,,
2035 1,,瀬野大橋,,34.4211749,132.5920877,2035 1,,0,,,,
2035 2,,瀬野大橋,,34.4212036,132.5923086,2035 2,,0,,,,
2036 0,,瀬野駅,,34.42145,132.596662,2036 0,,0,,,,
2036 1,,瀬野駅,,34.4215687,132.596556,2036 1,,0,,,,
2036 2,,瀬野駅,,34.4214514,132.5966601,2036 2,,0,,,,
2037 1,,小宇羅地,,34.4216016,132.601446,2037 1,,0,,,,
2037 2,,小宇羅地,,34.4213782,132.6006068,2037 2,,0,,,,
2038 1,,瀬野小学校,,34.4225549,132.6078239,2038 1,,0,,,,
2038 2,,瀬野小学校,,34.4224283,132.6070181,2038 2,,0,,,,
2039 1,,下一貫田,,34.4233775,132.6164291,2039 1,,0,,,,
2039 2,,下一貫田,,34.42288656,132.6154591,2039 2,,0,,,,
2040 1,,一貫田,,34.4251907,132.6198578,2040 1,,0,,,,
2040 2,,一貫田,,34.4245355,132.6186138,2040 2,,0,,,,2
2040 3,,一貫田,,34.4245276,132.6199385,2040 3,,0,,,,3
2041 1,,下大山,,34.4293151,132.6242167,2041 1,,0,,,,
2041 2,,下大山,,34.4291416,132.6239933,2041 2,,0,,,,
2042 1,,中大山,,34.4338901,132.6313872,2042 1,,0,,,,
2042 2,,中大山,,34.4320849,132.629805,2042 2,,0,,,,
2043 1,,桜河内,,34.4349188,132.6353524,2043 1,,0,,,,
2043 2,,桜河内,,34.4349092,132.6341618,2043 2,,0,,,,
2044 1,,上大山,,34.4343381,132.6431362,2044 1,,0,,,,
2044 2,,上大山,,34.4342438,132.642982,2044 2,,0,,,,
2045 1,,清山,,34.4370777,132.6503958,2045 1,,0,,,,
2045 2,,清山,,34.4371179,132.6505944,2045 2,,0,,,,
2046 1,,入野口,,34.4434376,132.6522565,2046 1,,0,,,,
2046 2,,入野口,,34.4434443,132.6524293,2046 2,,0,,,,
2047 1,,志和南口,,34.447774,132.6594439,2047 1,,0,,,,
2047 2,,志和南口,,34.4468925,132.6594916,2047 2,,0,,,,
2047 3,,志和南口,,34.44786797,132.6586043,2047 3,,0,,,,
2048 1,,宗吉,,34.4472739,132.6744808,2048 1,,0,,,,1
2048 2,,宗吉,,34.4471089,132.6743995,2048 2,,0,,,,2
2048 3,,宗吉,,34.447356,132.675687,2048 3,,0,,,,3
2048 4,,宗吉,,34.447346,132.6755928,2048 4,,0,,,,4
2049 1,,宗吉東,,34.4452481,132.6786436,2049 1,,0,,,,
2049 2,,宗吉東,,34.4451143,132.6788799,2049 2,,0,,,,
2050 0,,八本松駅,,34.4453826,132.6890017,2050 0,,0,,,,
2050 1,,八本松駅,,34.4453827,132.6890026,2050 1,,0,,,,1
2050 2,,八本松駅,,34.4455167,132.6895223,2050 2,,0,,,,2
2050 3,,八本松駅,,34.44533545,132.6894352,2050 3,,0,,,,3
2051 1,,上条,,34.4482615,132.6951362,2051 1,,0,,,,
2051 2,,上条,,34.4481455,132.6953895,2051 2,,0,,,,
2052 1,,下条,,34.4476668,132.7007752,2052 1,,0,,,,
2052 2,,下条,,34.4476544,132.7002147,2052 2,,0,,,,
2053 1,,下組,,34.4471647,132.7055481,2053 1,,0,,,,
2053 2,,下組,,34.4470846,132.7054197,2053 2,,0,,,,
2054 1,,八本松病院前,,34.4467923,132.7090916,2054 1,,0,,,,
2054 2,,八本松病院前,,34.4466258,132.7093704,2054 2,,0,,,,
2055 1,,磯松団地,,34.4459697,132.7135683,2055 1,,0,,,,
2055 2,,磯松団地,,34.4458409,132.7136537,2055 2,,0,,,,
2055 3,,磯松団地,,34.446497,132.7126243,2055 3,,0,,,,
2055 4,,磯松団地,,34.4466233,132.712732,2055 4,,0,,,,
2056 1,,米満,,34.4444339,132.7175935,2056 1,,0,,,,
2056 2,,米満,,34.4450946,132.7171623,2056 2,,0,,,,
2057 1,,市田橋,,34.43959,132.7208781,2057 1,,0,,,,
2057 2,,市田橋,,34.4396708,132.7206686,2057 2,,0,,,,
2058 1,,友待橋,,34.4363198,132.7224711,2058 1,,0,,,,
2058 2,,友待橋,,34.4357737,132.7225503,2058 2,,0,,,,
2059 1,,下寺家,,34.429935,132.7285848,2059 1,,0,,,,1
2059 2,,下寺家,,34.4301373,132.7282665,2059 2,,0,,,,2
2059 3,,下寺家,,34.4294629,132.7283211,2059 3,,0,,,,3
2059 4,,下寺家,,34.4294067,132.728314,2059 4,,0,,,,4
2060 1,,西条東,,34.4263192,132.7358288,2060 1,,0,,,,
2060 2,,西条東,,34.4262366,132.735424,2060 2,,0,,,,
2060 4,,西条東,,34.4262377,132.735424,2060 4,,0,,,,
2061 1,,芸陽バス前,,34.4263734,132.7374126,2061 1,,0,,,,
2061 2,,芸陽バス前,,34.42628832,132.7373654,2061 2,,0,,,,
2061 4,,芸陽バス前,,34.4262867,132.7373654,2061 4,,0,,,,
2062 1,,西条西本町,,34.4263947,132.7397367,2062 1,,0,,,,
2063 1,,栄町,,34.4270104,132.7412701,2063 1,,0,,,,
2063 2,,栄町,,34.4271741,132.7412292,2063 2,,0,,,,
2064 1,,中央公園前,,34.4279965,132.742484,2064 1,,0,,,,3
2065 0,,西条駅,,34.430949,132.743558,2065 0,,0,,,,
2065 2,,西条駅北口,,34.431741,132.743767,2065 2,,0,,,,
2065 3,,西条駅,,34.4308566,132.7431798,2065 3,,0,,,,3
2065 4,,西条駅,,34.4306106,132.7432082,2065 4,,0,,,,4
2065 5,,西条駅,,34.4305784,132.7433895,2065 5,,0,,,,5
2065 6,,西条駅,,34.4305584,132.7435476,2065 6,,0,,,,4
2065 8,,西条駅北口,,34.43169,132.7433488,2065 8,,0,,,,
2070 1,,本通り,,34.3940295,132.4574173,2070 1,,0,,,,31
2070 2,,本通り,,34.3929623,132.4566813,2070 2,,0,,,,32
2071 1,,中電前,,34.388025,132.4553549,2071 1,,0,,,,
2071 2,,中電前,,34.3890154,132.4553505,2071 2,,0,,,,
2072 1,,市役所前,,34.3864921,132.4548228,2072 1,,0,,,,
2072 2,,市役所前,,34.3855703,132.4541545,2072 2,,0,,,,
2073 1,,昭和町,,34.3823522,132.4628904,2073 1,,0,,,,
2073 2,,昭和町,,34.3819393,132.4632178,2073 2,,0,,,,
2074 1,,南区役所前,,34.3800126,132.4703383,2074 1,,0,,,,
2074 2,,南区役所前,,34.3797043,132.4702983,2074 2,,0,,,,
2075 1,,出汐町,,34.3792062,132.4729014,2075 1,,0,,,,
2075 2,,出汐町,,34.3789289,132.472758,2075 2,,0,,,,
2076 1,,大学病院南門,,34.3781867,132.480863,2076 1,,0,,,,
2076 2,,大学病院南門,,34.3775423,132.4795135,2076 2,,0,,,,
2077 1,,東雲本町三丁目,,34.3797555,132.4868851,2077 1,,0,,,,
2077 2,,東雲本町三丁目,,34.3795662,132.4861348,2077 2,,0,,,,
2078 1,,市立工業高校入口,,34.378984,132.4901061,2078 1,,0,,,,
2078 2,,市立工業高校入口,,34.3790096,132.4889908,2078 2,,0,,,,
2079 1,,東雲,,34.3776226,132.4948011,2079 1,,0,,,,
2079 2,,東雲,,34.3778896,132.4935462,2079 2,,0,,,,
2080 1,,仁保二丁目,,34.3757633,132.4974859,2080 1,,0,,,,
2080 2,,仁保二丁目,,34.3761176,132.4965906,2080 2,,0,,,,
2081 1,,向洋本町,,34.3695388,132.5062283,2081 1,,0,,,,1
2081 2,,向洋本町,,34.3692921,132.5063953,2081 2,,0,,,,2
2082 1,,堀越三丁目,,34.3693067,132.5106295,2082 1,,0,,,,
2082 2,,堀越三丁目,,34.3690674,132.5106498,2082 2,,0,,,,
2083 1,,東部市場前,,34.3680636,132.521063,2083 1,,0,,,,
2083 2,,東部市場前,,34.3676312,132.5210566,2083 2,,0,,,,
2084 1,,鴻治新田,,34.3703147,132.5272294,2084 1,,0,,,,
2084 2,,鴻治新田,,34.3692831,132.5254169,2084 2,,0,,,,
2085 1,,袋町,,34.3908914,132.4563121,2085 1,,0,,,,
2086 1,,国泰寺町二丁目,,34.3841281,132.4569692,2086 1,,0,,,,
2086 2,,国泰寺町二丁目,,34.3838502,132.4568253,2086 2,,0,,,,
2090 1,,曙町,,34.3674722,132.5393785,2090 1,,0,,,,
2090 2,,曙町,,34.3668908,132.5391796,2090 2,,0,,,,
2090 3,,曙町,,34.3674726,132.5393798,2090 3,,0,,,,
2090 4,,曙町,,34.3668879,132.5391791,2090 4,,0,,,,
2091 1,,海田中学校入口,,34.369907,132.5445841,2091 1,,0,,,,
2091 2,,海田中学校入口,,34.3689906,132.5433873,2091 2,,0,,,,
2091 3,,海田中学校入口,,34.3699077,132.544584,2091 3,,0,,,,
2091 4,,海田中学校入口,,34.3689898,132.5433885,2091 4,,0,,,,
2092 1,,海田東小学校前,,34.3717165,132.5493828,2092 1,,0,,,,
2092 2,,海田東小学校前,,34.3716815,132.5493324,2092 2,,0,,,,
2093 1,,寺迫,,34.3705237,132.5509557,2093 1,,0,,,,
2093 2,,寺迫,,34.370645,132.5507523,2093 2,,0,,,,
2094 1,,東三迫橋,,34.3680382,132.5514252,2094 1,,0,,,,
2094 2,,東三迫橋,,34.3682157,132.5513319,2094 2,,0,,,,
2094 3,,東三迫橋,,34.3680393,132.551426,2094 3,,0,,,,
2094 4,,東三迫橋,,34.3682163,132.5513331,2094 4,,0,,,,
2095 1,,三迫,,34.3644462,132.5515888,2095 1,,0,,,,
2095 2,,三迫,,34.3643791,132.551542,2095 2,,0,,,,
2096 0,,三迫二丁目,,34.3633752,132.5524533,2096 0,,0,,,,
2096 2,,三迫二丁目,,34.3633752,132.5524518,2096 2,,0,,,,
2096 3,,三迫二丁目,,34.3635844,132.552366,2096 3,,0,,,,
2096 4,,三迫二丁目,,34.3633747,132.5524525,2096 4,,0,,,,
2097 1,,海田郵便局前,,34.3654246,132.5388014,2097 1,,0,,,,
2097 2,,海田郵便局前,,34.3654882,132.5386573,2097 2,,0,,,,
2097 3,,海田郵便局前,,34.3654872,132.5386573,2097 3,,0,,,,
2097 4,,海田郵便局前,,34.3654235,132.538802,2097 4,,0,,,,
2098 0,,さいわい保育所前,,34.3633767,132.5412417,2098 0,,0,,,,
2098 2,,さいわい保育所前,,34.3633757,132.5412429,2098 2,,0,,,,
21 1,,広大東口,,34.4006401,132.716462,21 1,,0,,,,
2100 0,,海田市駅南口,,34.3715662,132.5305521,2100 0,,0,,,,
2100 1,,海田市駅南口,,34.3715668,132.5305525,2100 1,,0,,,,
2100 3,,海田市駅南口,,34.3715707,132.5311061,2100 3,,0,,,,
2100 4,,海田市駅南口,,34.3715711,132.5311056,2100 4,,0,,,,
2101 2,,海田市駅北口,,34.3719733,132.5326251,2101 2,,0,,,,
2102 2,,織田幹雄スクエア北,,34.3724677,132.5359255,2102 2,,0,,,,
2102 3,,織田幹雄スクエア北,,34.3725033,132.5360216,2102 3,,0,,,,
2102 4,,織田幹雄スクエア北,,34.3724688,132.5359263,2102 4,,0,,,,
2103 2,,上市,,34.3725084,132.5382107,2103 2,,0,,,,
2103 3,,上市,,34.3725571,132.5382095,2103 3,,0,,,,
2103 4,,上市,,34.372509,132.5382124,2103 4,,0,,,,
2104 2,,成本,,34.3745395,132.5418683,2104 2,,0,,,,
2104 3,,成本,,34.3746448,132.5419153,2104 3,,0,,,,
2104 4,,成本,,34.37454045,132.5418674,2104 4,,0,,,,
2105 2,,石原,,34.3758208,132.5448859,2105 2,,0,,,,
2105 3,,石原,,34.3758502,132.5448691,2105 3,,0,,,,
2105 4,,石原,,34.3758198,132.5448865,2105 4,,0,,,,
2106 2,,畝一丁目,,34.3777686,132.5484149,2106 2,,0,,,,
2106 3,,畝一丁目,,34.3778013,132.5483956,2106 3,,0,,,,
2106 4,,畝一丁目,,34.3777669,132.5484163,2106 4,,0,,,,
2107 2,,畝二丁目,,34.3800549,132.5513643,2107 2,,0,,,,
2107 3,,畝二丁目,,34.3800811,132.5513244,2107 3,,0,,,,
2107 4,,畝二丁目,,34.3800549,132.5513643,2107 4,,0,,,,
2108 2,,砂走口,,34.3821718,132.5538168,2108 2,,0,,,,
2108 3,,砂走口,,34.3822191,132.553795,2108 3,,0,,,,
2108 4,,砂走口,,34.3821718,132.5538168,2108 4,,0,,,,
2109 1,,砂走橋,,34.3840182,132.557383,2109 1,,0,,,,
2109 2,,砂走橋,,34.3840117,132.5574566,2109 2,,0,,,,
2109 4,,砂走橋,,34.3840463,132.5571435,2109 4,,0,,,,
2110 1,,影,,34.3885579,132.5558599,2110 1,,0,,,,
2110 2,,影,,34.3881462,132.5561199,2110 2,,0,,,,
2111 1,,影橋,,34.3903376,132.5533965,2111 1,,0,,,,
2111 2,,影橋,,34.3903367,132.553472,2111 2,,0,,,,
2112 1,,安芸市民病院前,,34.3917416,132.5522703,2112 1,,0,,,,
2112 2,,安芸市民病院前,,34.3920741,132.5522021,2112 2,,0,,,,
2113 1,,本郷,,34.3936103,132.551102,2113 1,,0,,,,
2113 2,,本郷,,34.3936824,132.5511201,2113 2,,0,,,,
2114 1,,橋詰,,34.3965723,132.5495045,2114 1,,0,,,,
2114 2,,橋詰,,34.3965215,132.5495599,2114 2,,0,,,,
2115 1,,随木屋橋,,34.3989012,132.5484992,2115 1,,0,,,,
2115 2,,随木屋橋,,34.3987647,132.548659,2115 2,,0,,,,
2116 0,,奥畑,,34.40165436,132.5505321,2116 0,,0,,,,
2116 2,,奥畑,,34.4015877,132.5505488,2116 2,,0,,,,
2120 1,,中田,,34.423617,132.6025007,2120 1,,0,,,,
2120 2,,中田,,34.4234387,132.6026323,2120 2,,0,,,,
2121 1,,宮ノ下橋,,34.4276284,132.600078,2121 1,,0,,,,
2121 2,,宮ノ下橋,,34.4266477,132.6011813,2121 2,,0,,,,
2122 1,,榎山下,,34.4295707,132.5989472,2122 1,,0,,,,
2122 2,,榎山下,,34.4300645,132.5992438,2122 2,,0,,,,
2123 1,,仲橋,,34.4326101,132.5979541,2123 1,,0,,,,
2123 2,,仲橋,,34.4328033,132.5980816,2123 2,,0,,,,
2124 1,,河内橋,,34.4353671,132.5977013,2124 1,,0,,,,
2124 2,,河内橋,,34.4353512,132.59776,2124 2,,0,,,,
2125 1,,榎山,,34.4376836,132.596293,2125 1,,0,,,,
2125 2,,榎山,,34.4377512,132.5962399,2125 2,,0,,,,
2126 1,,立石橋,,34.4375854,132.5926426,2126 1,,0,,,,
2126 2,,立石橋,,34.4376416,132.5926235,2126 2,,0,,,,
2127 1,,立石,,34.4369193,132.5905168,2127 1,,0,,,,
2127 2,,立石,,34.4370635,132.5903157,2127 2,,0,,,,
2128 1,,中立石,,34.4363367,132.5860555,2128 1,,0,,,,
2128 2,,中立石,,34.4363927,132.5860345,2128 2,,0,,,,
2129 0,,みつぎ団地,,34.4372526,132.5850923,2129 0,,0,,,,
2129 2,,みつぎ団地,,34.4372513,132.585092,2129 2,,0,,,,
2130 0,,宮の前,,34.4219859,132.6223651,2130 0,,0,,,,
2130 1,,宮の前,,34.4219111,132.6225275,2130 1,,0,,,,
2130 2,,宮の前,,34.4219848,132.6223636,2130 2,,0,,,,
2131 1,,荒谷,,34.4179375,132.6284431,2131 1,,0,,,,
2131 2,,荒谷,,34.4178785,132.6284049,2131 2,,0,,,,
2132 1,,高下橋,,34.4125668,132.6291734,2132 1,,0,,,,
2132 2,,高下橋,,34.4125854,132.6290343,2132 2,,0,,,,
2133 1,,神立,,34.4118701,132.6256636,2133 1,,0,,,,
2133 2,,神立,,34.4116309,132.6245359,2133 2,,0,,,,
2134 2,,瀬野墓苑前,,34.4096528,132.6218733,2134 2,,0,,,,
2135 1,,上田前,,34.406437,132.6166179,2135 1,,0,,,,
2135 2,,上田前,,34.4064445,132.6165412,2135 2,,0,,,,
2136 1,,熊野下跡,,34.400305,132.617657,2136 1,,0,,,,
2136 2,,熊野下跡,,34.4003319,132.6170174,2136 2,,0,,,,
2137 1,,倉庫,,34.3973648,132.6204386,2137 1,,0,,,,
2137 2,,倉庫,,34.3971005,132.6205304,2137 2,,0,,,,
2138 1,,昭和橋,,34.3939846,132.6213652,2138 1,,0,,,,
2138 2,,昭和橋,,34.3942393,132.6213747,2138 2,,0,,,,
2139 1,,香治屋橋,,34.3913752,132.6200932,2139 1,,0,,,,
2139 2,,香治屋橋,,34.3913995,132.6200089,2139 2,,0,,,,
2140 1,,瀬戸,,34.3895426,132.6212047,2140 1,,0,,,,
2140 2,,瀬戸,,34.3895289,132.6211228,2140 2,,0,,,,
2141 1,,宮の郷,,34.3865801,132.6243271,2141 1,,0,,,,
2141 2,,宮の郷,,34.386552,132.6242593,2141 2,,0,,,,
2142 1,,阿戸学校,,34.3840789,132.6258161,2142 1,,0,,,,
2142 2,,阿戸学校,,34.3840668,132.6257482,2142 2,,0,,,,
2143 1,,長戸路橋,,34.3818498,132.6267527,2143 1,,0,,,,
2143 2,,長戸路橋,,34.3816733,132.6268114,2143 2,,0,,,,
2144 1,,阿戸出張所,,34.3808103,132.6282281,2144 1,,0,,,,
2144 2,,阿戸出張所,,34.3806859,132.6282258,2144 2,,0,,,,
2145 1,,阿戸,,34.3784899,132.6285766,2145 1,,0,,,,
2145 2,,阿戸,,34.3790489,132.6287188,2145 2,,0,,,,
2146 1,,山崎橋,,34.3748496,132.6262885,2146 1,,0,,,,
2146 2,,山崎橋,,34.3749101,132.6262725,2146 2,,0,,,,
2147 1,,国草,,34.3731995,132.6241151,2147 1,,0,,,,
2147 2,,国草,,34.3732268,132.6240481,2147 2,,0,,,,
2148 0,,海上側,,34.3719409,132.6213666,2148 0,,0,,,,
2148 2,,海上側,,34.3721008,132.6215408,2148 2,,0,,,,
2150 1,,下則重,,34.4493907,132.6585128,2150 1,,0,,,,
2150 2,,下則重,,34.4493896,132.6586636,2150 2,,0,,,,
2151 1,,入野口,,34.4511112,132.6568029,2151 1,,0,,,,
2151 2,,入野口,,34.4511198,132.6568907,2151 2,,0,,,,
2152 1,,政光,,34.4560808,132.654063,2152 1,,0,,,,
2152 2,,政光,,34.4561331,132.654096,2152 2,,0,,,,
2153 1,,一本椿,,34.4593655,132.6512171,2153 1,,0,,,,
2153 2,,一本椿,,34.4593508,132.651331,2153 2,,0,,,,
2154 1,,冠,,34.4625396,132.6456109,2154 1,,0,,,,
2154 2,,冠,,34.4626345,132.6456189,2154 2,,0,,,,
2155 1,,西蓮寺,,34.4666985,132.6418139,2155 1,,0,,,,
2155 2,,西蓮寺,,34.4664479,132.6423164,2155 2,,0,,,,
2156 1,,宮迫,,34.4688843,132.6389861,2156 1,,0,,,,
2156 2,,宮迫,,34.4689241,132.6390585,2156 2,,0,,,,
2157 1,,七条,,34.4702738,132.637076,2157 1,,0,,,,
2157 2,,七条,,34.4703403,132.6371148,2157 2,,0,,,,
2158 1,,貞岡,,34.4739414,132.6330693,2158 1,,0,,,,
2158 2,,貞岡,,34.4739922,132.6331058,2158 2,,0,,,,
2159 1,,道上,,34.4776669,132.6353273,2159 1,,0,,,,
2159 2,,道上,,34.4767749,132.6345333,2159 2,,0,,,,
2160 1,,三木医院前,,34.4786719,132.6364274,2160 1,,0,,,,
2160 2,,三木医院前,,34.4785538,132.6364085,2160 2,,0,,,,
2161 1,,別府,,34.4802073,132.6382922,2161 1,,0,,,,
2161 2,,別府,,34.4796113,132.6375159,2161 2,,0,,,,
2162 1,,宮川化成前,,34.4819733,132.6411438,2162 1,,0,,,,
2162 2,,宮川化成前,,34.4819831,132.6412705,2162 2,,0,,,,
2163 1,,馬宿,,34.4847041,132.6439855,2163 1,,0,,,,
2163 2,,馬宿,,34.4847029,132.6441168,2163 2,,0,,,,
2164 1,,八条上,,34.4878468,132.6485062,2164 1,,0,,,,
2164 2,,八条上,,34.4875823,132.648154,2164 2,,0,,,,
2165 1,,八条下,,34.488908,132.6506127,2165 1,,0,,,,
2165 2,,八条下,,34.4885985,132.6501975,2165 2,,0,,,,
2166 1,,志和中学校,,34.4913628,132.6526212,2166 1,,0,,,,
2166 2,,志和中学校,,34.4911984,132.6525328,2166 2,,0,,,,
2167 1,,松原,,34.4942753,132.6550942,2167 1,,0,,,,
2167 2,,松原,,34.4942516,132.6551597,2167 2,,0,,,,
2168 1,,志和出張所,,34.499204,132.6598831,2168 1,,0,,,,
2168 2,,志和出張所,,34.4987645,132.6598447,2168 2,,0,,,,
2169 1,,後休,,34.5013854,132.6629578,2169 1,,0,,,,
2169 2,,後休,,34.5010601,132.6627627,2169 2,,0,,,,
2170 1,,志和堀,,34.5034285,132.6686333,2170 1,,0,,,,
2170 2,,志和堀,,34.5033923,132.6685277,2170 2,,0,,,,
2171 1,,堀市,,34.5011615,132.6703293,2171 1,,0,,,,
2171 2,,堀市,,34.5014026,132.6700552,2171 2,,0,,,,
2172 1,,照栄寺前,,34.4997982,132.6713894,2172 1,,0,,,,
2172 2,,照栄寺前,,34.5000106,132.6710954,2172 2,,0,,,,
2173 1,,市沖,,34.4976493,132.6729953,2173 1,,0,,,,
2173 2,,市沖,,34.4973034,132.6731205,2173 2,,0,,,,
2174 1,,長松口,,34.4949521,132.6746182,2174 1,,0,,,,
2174 2,,長松口,,34.4951042,132.6744428,2174 2,,0,,,,
2175 1,,中原,,34.4927022,132.6759584,2175 1,,0,,,,
2175 2,,中原,,34.4928891,132.6757564,2175 2,,0,,,,
2176 1,,東三歩,,34.4896222,132.6767425,2176 1,,0,,,,
2176 2,,東三歩,,34.4895762,132.6766518,2176 2,,0,,,,
2177 1,,ケアハウスみずほ前,,34.4876402,132.6773445,2177 1,,0,,,,
2177 2,,ケアハウスみずほ前,,34.4879894,132.6770057,2177 2,,0,,,,
2178 1,,六日市,,34.4861792,132.677851,2178 1,,0,,,,
2178 2,,六日市,,34.4860962,132.677795,2178 2,,0,,,,
2179 1,,東志和,,34.4835452,132.6791719,2179 1,,0,,,,
2179 2,,東志和,,34.4838754,132.678755,2179 2,,0,,,,
2180 1,,上ケ尾,,34.4822346,132.6802926,2180 1,,0,,,,
2180 2,,上ケ尾,,34.4827288,132.6797419,2180 2,,0,,,,
2181 1,,下兼持,,34.4802827,132.6813926,2181 1,,0,,,,
2181 2,,下兼持,,34.4802699,132.6812962,2181 2,,0,,,,
2182 1,,中兼持,,34.4782454,132.6809848,2182 1,,0,,,,
2182 2,,中兼持,,34.4782504,132.6809052,2182 2,,0,,,,
2183 1,,兼持,,34.4748388,132.680618,2183 1,,0,,,,
2183 2,,兼持,,34.4745608,132.6804365,2183 2,,0,,,,
2184 1,,三豊前,,34.4714103,132.6786808,2184 1,,0,,,,
2184 2,,三豊前,,34.4715021,132.6786545,2184 2,,0,,,,
2185 1,,阿原口,,34.4696082,132.6750638,2185 1,,0,,,,
2185 2,,阿原口,,34.4696462,132.6747654,2185 2,,0,,,,
2186 1,,先条,,34.4655923,132.6682664,2186 1,,0,,,,
2186 2,,先条,,34.4652356,132.6675358,2186 2,,0,,,,
2187 1,,椛坂,,34.4620621,132.6641596,2187 1,,0,,,,
2187 2,,椛坂,,34.4626944,132.6644134,2187 2,,0,,,,
2188 1,,三国製薬研修センター,,34.4564876,132.665675,2188 1,,0,,,,
2188 2,,三国製薬研修センター,,34.4564048,132.665652,2188 2,,0,,,,
2189 1,,塩川,,34.4498256,132.6717693,2189 1,,0,,,,
2189 2,,塩川,,34.4501063,132.6716322,2189 2,,0,,,,
2190 1,,弾薬庫,,34.4487464,132.6759959,2190 1,,0,,,,
2190 2,,弾薬庫,,34.4486151,132.6758769,2190 2,,0,,,,
22 0,,山中池,,34.4044039,132.7169891,22 0,,0,,,,
22 1,,山中池,,34.4044037,132.7169903,22 1,,0,,,,
2200 1,,南海田,,34.3639991,132.53395,2200 1,,0,,,,
2200 2,,南海田,,34.3636326,132.5336729,2200 2,,0,,,,
2201 1,,自衛隊前,,34.3606677,132.5343826,2201 1,,0,,,,
2201 2,,自衛隊前,,34.3593935,132.5342753,2201 2,,0,,,,
2202 1,,矢野橋,,34.3559483,132.5349863,2202 1,,0,,,,
2202 2,,矢野橋,,34.3557641,132.5347927,2202 2,,0,,,,
2203 1,,矢野大浜,,34.3539603,132.5338147,2203 1,,0,,,,
2203 2,,矢野大浜,,34.3530732,132.532883,2203 2,,0,,,,
2204 1,,矢野大井,,34.3502236,132.5280584,2204 1,,0,,,,
2204 2,,矢野大井,,34.3504722,132.5284215,2204 2,,0,,,,
2205 1,,安芸南高校前,,34.3509809,132.5232853,2205 1,,0,,,,
2206 1,,済生会広島病院前,,34.3513854,132.5182159,2206 1,,0,,,,
2207 1,,北新地二丁目,,34.3502337,132.5170357,2207 1,,0,,,,
2208 1,,フジグラン安芸,,34.3492767,132.5194463,2208 1,,0,,,,
2209 1,,矢野新町,,34.3543532,132.5211758,2209 1,,0,,,,
2210 1,,海田新開,,34.3610303,132.5265306,2210 1,,0,,,,
2211 1,,日本フード前,,34.362613,132.5298758,2211 1,,0,,,,
2212 1,,広島ガス前,,34.3656209,132.5284469,2212 1,,0,,,,
2213 1,,海田警察署前,,34.3684838,132.5284806,2213 1,,0,,,,
2220 2,,中央公園前,,34.4283454,132.7431492,2220 2,,0,,,,2
2220 5,,中央公園前,,34.4275468,132.7431723,2220 5,,0,,,,1
2220 6,,中央公園前,,34.4283472,132.7431535,2220 6,,0,,,,2
2220 7,,中央公園前,,34.4278872,132.7438421,2220 7,,0,,,,4
2220 8,,中央公園前,,34.4278862,132.7438445,2220 8,,0,,,,4
2221 1,,ゆめタウン東広島前,,34.4278925,132.7500222,2221 1,,0,,,,
2221 2,,ゆめタウン東広島前,,34.4277824,132.750049,2221 2,,0,,,,
2222 1,,朝日町,,34.4261422,132.743368,2222 1,,0,,,,
2222 2,,朝日町,,34.4259985,132.7435459,2222 2,,0,,,,
2223 1,,大坪通,,34.4252776,132.7463576,2223 1,,0,,,,
2223 2,,大坪通,,34.4250283,132.7467938,2223 2,,0,,,,
2224 1,,井野口病院前,,34.4275541,132.7518266,2224 1,,0,,,,
2224 2,,井野口病院前,,34.4273989,132.7518574,2224 2,,0,,,,
2225 1,,土与丸,,34.4295848,132.7530995,2225 1,,0,,,,
2225 2,,土与丸,,34.4292266,132.7530945,2225 2,,0,,,,
2226 1,,藤田沖,,34.4326584,132.755076,2226 1,,0,,,,
2226 2,,藤田沖,,34.4328224,132.755465,2226 2,,0,,,,
2227 1,,吉行,,34.4349485,132.7581402,2227 1,,0,,,,
2227 2,,吉行,,34.4342379,132.7573828,2227 2,,0,,,,
2228 1,,河尻,,34.4392956,132.7606768,2228 1,,0,,,,
2228 2,,河尻,,34.4389061,132.7602193,2228 2,,0,,,,
2229 1,,下稲木,,34.4454754,132.7650895,2229 1,,0,,,,
2229 2,,下稲木,,34.44482015,132.7646957,2229 2,,0,,,,
2230 1,,上稲木,,34.4524867,132.7697096,2230 1,,0,,,,
2230 2,,上稲木,,34.4524512,132.7698031,2230 2,,0,,,,
2231 1,,昭和団地入口,,34.4553084,132.772002,2231 1,,0,,,,
2231 2,,昭和団地入口,,34.4558688,132.7726188,2231 2,,0,,,,
2232 1,,杵原,,34.4583813,132.773364,2232 1,,0,,,,
2232 2,,杵原,,34.4584361,132.7735023,2232 2,,0,,,,
2233 1,,上杵原,,34.4649526,132.7676151,2233 1,,0,,,,
2233 2,,上杵原,,34.4650225,132.7678163,2233 2,,0,,,,
2234 1,,槙原,,34.4751891,132.7633027,2234 1,,0,,,,
2234 2,,槙原,,34.4754557,132.7633206,2234 2,,0,,,,
2235 1,,上山根,,34.4784884,132.7601622,2235 1,,0,,,,
2235 2,,上山根,,34.4784892,132.7602619,2235 2,,0,,,,
2236 1,,瀬戸,,34.4806399,132.7603401,2236 1,,0,,,,
2236 2,,瀬戸,,34.4805471,132.7604384,2236 2,,0,,,,
2237 1,,造賀小学校前,,34.4849171,132.7617515,2237 1,,0,,,,
2237 2,,造賀小学校前,,34.4848315,132.761762,2237 2,,0,,,,
2238 1,,ＪＡ造賀,,34.4871504,132.7637578,2238 1,,0,,,,
2238 2,,ＪＡ造賀,,34.4868544,132.76351,2238 2,,0,,,,
2239 1,,上造賀,,34.4881517,132.7645703,2239 1,,0,,,,
2239 2,,上造賀,,34.4880692,132.7647489,2239 2,,0,,,,
2240 1,,下造賀,,34.4917248,132.7667114,2240 1,,0,,,,
2240 2,,下造賀,,34.4915269,132.7667426,2240 2,,0,,,,
2241 1,,極楽寺,,34.4957847,132.7689245,2241 1,,0,,,,
2241 2,,極楽寺,,34.4954133,132.7688276,2241 2,,0,,,,
2242 1,,福祉園前,,34.4983796,132.7707892,2242 1,,0,,,,
2242 2,,福祉園前,,34.4982171,132.7707837,2242 2,,0,,,,
2243 1,,小竹,,34.5000388,132.7725379,2243 1,,0,,,,
2243 2,,小竹,,34.4998835,132.7725046,2243 2,,0,,,,
2244 1,,堂条,,34.5015365,132.7743474,2244 1,,0,,,,
2244 2,,堂条,,34.5017577,132.7747614,2244 2,,0,,,,
2245 1,,末宗,,34.5064802,132.7752933,2245 1,,0,,,,
2245 2,,末宗,,34.50652,132.7754605,2245 2,,0,,,,
2246 1,,森原橋,,34.5110499,132.780618,2246 1,,0,,,,
2246 2,,森原橋,,34.5105859,132.7801886,2246 2,,0,,,,
2247 1,,上戸野,,34.5135746,132.7834106,2247 1,,0,,,,
2247 2,,上戸野,,34.5137462,132.7835738,2247 2,,0,,,,
2248 1,,平の上,,34.5171537,132.7834784,2248 1,,0,,,,
2248 2,,平の上,,34.5164946,132.7836438,2248 2,,0,,,,
2249 1,,福富ダムしゃくなげ湖東,,34.5268697,132.776768,2249 1,,0,,,,
2249 2,,福富ダムしゃくなげ湖東,,34.5260201,132.7763029,2249 2,,0,,,,
2250 1,,レイクヒル東,,34.5300892,132.7811568,2250 1,,0,,,,
2250 2,,レイクヒル東,,34.5300924,132.7813283,2250 2,,0,,,,
2251 1,,福富支所東,,34.5357128,132.7802307,2251 1,,0,,,,
2251 2,,福富支所東,,34.5357261,132.780407,2251 2,,0,,,,
2252 1,,久芳,,34.5381128,132.7806844,2252 1,,0,,,,
2252 2,,久芳,,34.5383502,132.7808133,2252 2,,0,,,,
2253 1,,岡山八幡宮入口,,34.5426619,132.7818302,2253 1,,0,,,,
2253 2,,岡山八幡宮入口,,34.5431281,132.7825918,2253 2,,0,,,,
2254 1,,三ツ橋,,34.5453586,132.7838684,2254 1,,0,,,,
2254 2,,三ツ橋,,34.5454356,132.7840351,2254 2,,0,,,,
2255 1,,上久芳,,34.5507282,132.786337,2255 1,,0,,,,
2255 2,,上久芳,,34.5507079,132.7864272,2255 2,,0,,,,
2256 1,,志和原,,34.5533005,132.7886428,2256 1,,0,,,,
2256 2,,志和原,,34.553254,132.7888279,2256 2,,0,,,,
2257 1,,松崎,,34.556526,132.7949488,2257 1,,0,,,,
2257 2,,松崎,,34.5564979,132.7950552,2257 2,,0,,,,
2258 1,,豊北前,,34.5593107,132.7986134,2258 1,,0,,,,
2258 2,,豊北前,,34.5591551,132.7984091,2258 2,,0,,,,
2259 1,,賀茂北高校入口,,34.5609874,132.8030253,2259 1,,0,,,,
2259 2,,賀茂北高校入口,,34.5608702,132.8030009,2259 2,,0,,,,
2260 1,,乃美交差点,,34.5662706,132.8098341,2260 1,,0,,,,
2260 2,,乃美交差点,,34.566065,132.8096911,2260 2,,0,,,,
2261 1,,乃美地域センター前,,34.5663524,132.8123541,2261 1,,0,,,,
2261 2,,乃美地域センター前,,34.5663063,132.8121538,2261 2,,0,,,,
2262 1,,豊栄局前,,34.5658566,132.8152954,2262 1,,0,,,,
2262 2,,豊栄局前,,34.5658763,132.8150923,2262 2,,0,,,,
2263 1,,乃美森川,,34.5651734,132.8168818,2263 1,,0,,,,
2263 2,,乃美森川,,34.5651734,132.8167219,2263 2,,0,,,,
2264 1,,豊栄支所入口,,34.5649366,132.8207701,2264 1,,0,,,,
2264 2,,豊栄支所入口,,34.5645837,132.8204822,2264 2,,0,,,,
2265 1,,認定こども園とよさか前,,34.5679835,132.823312,2265 1,,0,,,,
2265 2,,認定こども園とよさか前,,34.5677382,132.8232167,2265 2,,0,,,,
2266 0,,豊栄,,34.5723486,132.8268239,2266 0,,0,,,,
2266 2,,豊栄,,34.5723474,132.8268249,2266 2,,0,,,,
2285 0,,グリーンタウン,,34.4627247,132.7247452,2285 0,,0,,,,
2285 2,,グリーンタウン,,34.4626728,132.7248024,2285 2,,0,,,,
2286 1,,正力団地上,,34.4609363,132.7228665,2286 1,,0,,,,
2286 2,,正力団地上,,34.4610037,132.7230421,2286 2,,0,,,,
2287 1,,正力団地中,,34.4614211,132.7217528,2287 1,,0,,,,
2287 2,,正力団地中,,34.4614223,132.7216392,2287 2,,0,,,,
2288 1,,正力団地下,,34.4622392,132.7197806,2288 1,,0,,,,
2288 2,,正力団地下,,34.4621414,132.7197957,2288 2,,0,,,,
2293 1,,川上小学校,,34.4544165,132.7039764,2293 1,,0,,,,
2293 2,,川上小学校,,34.4542892,132.703475,2293 2,,0,,,,
2294 1,,飯田,,34.4566608,132.7089694,2294 1,,0,,,,
2294 2,,飯田,,34.4565347,132.7087884,2294 2,,0,,,,
2295 1,,磯松中学校,,34.4559469,132.7121381,2295 1,,0,,,,
2295 2,,磯松中学校,,34.4560984,132.7123862,2295 2,,0,,,,
2295 3,,磯松中学校,,34.4566021,132.7120288,2295 3,,0,,,,
2295 4,,磯松中学校,,34.4565435,132.7119152,2295 4,,0,,,,
2296 1,,正力,,34.4610253,132.7168008,2296 1,,0,,,,
2296 2,,正力,,34.4609848,132.716916,2296 2,,0,,,,
2297 1,,正力団地入口,,34.4634434,132.7189008,2297 1,,0,,,,
2297 2,,正力団地入口,,34.4628624,132.7185126,2297 2,,0,,,,
2297 3,,正力団地入口,,34.4628519,132.7189505,2297 3,,0,,,,
2298 1,,正力上,,34.4670374,132.7212085,2298 1,,0,,,,
2298 2,,正力上,,34.4676108,132.7222058,2298 2,,0,,,,
2299 1,,篠,,34.4691742,132.7250776,2299 1,,0,,,,
2299 2,,篠,,34.4691294,132.7252231,2299 2,,0,,,,
2300 1,,桂,,34.4721541,132.7294463,2300 1,,0,,,,
2300 2,,桂,,34.4720558,132.7295062,2300 2,,0,,,,
2301 1,,八本松工業団地入口,,34.4751421,132.7347581,2301 1,,0,,,,
2301 2,,八本松工業団地入口,,34.4750957,132.7348689,2301 2,,0,,,,
2302 1,,上有田,,34.4801771,132.7399967,2302 1,,0,,,,
2302 2,,上有田,,34.4800567,132.7399622,2302 2,,0,,,,
2303 1,,上有田下,,34.4810974,132.7419445,2303 1,,0,,,,
2303 2,,上有田下,,34.481021,132.7420761,2303 2,,0,,,,
2304 1,,中有田,,34.4814119,132.7438743,2304 1,,0,,,,
2304 2,,中有田,,34.4813716,132.7441765,2304 2,,0,,,,
2305 1,,下有田,,34.4819341,132.7503114,2305 1,,0,,,,
2305 2,,下有田,,34.4818276,132.7500357,2305 2,,0,,,,
2306 1,,上松行,,34.4833156,132.7526213,2306 1,,0,,,,
2306 2,,上松行,,34.4832661,132.7528501,2306 2,,0,,,,
2307 1,,造賀坪島,,34.4839567,132.7546566,2307 1,,0,,,,
2307 2,,造賀坪島,,34.4839676,132.7549732,2307 2,,0,,,,
2308 1,,住吉神社入口,,34.4842779,132.7574016,2308 1,,0,,,,
2308 2,,住吉神社入口,,34.4842025,132.7575035,2308 2,,0,,,,
2310 1,,八本松飯田二丁目,,34.4521469,132.712192,2310 1,,0,,,,
2310 2,,八本松飯田二丁目,,34.4522123,132.7123176,2310 2,,0,,,,
2311 1,,川上中部保育所,,34.4509383,132.7122,2311 1,,0,,,,
2311 2,,川上中部保育所,,34.4507921,132.7123399,2311 2,,0,,,,
2312 1,,雇用促進住宅入口,,34.4487991,132.7122073,2312 1,,0,,,,
2312 2,,雇用促進住宅入口,,34.4487928,132.7123363,2312 2,,0,,,,
2313 1,,シャープ前,,34.4516206,132.7105959,2313 1,,0,,,,
2313 2,,シャープ前,,34.4503467,132.7107928,2313 2,,0,,,,
2314 0,,富士機械前,,34.4545309,132.7104657,2314 0,,0,,,,
2314 1,,富士機械前,,34.454531,132.7104659,2314 1,,0,,,,
2314 2,,富士機械前,,34.454498,132.7105857,2314 2,,0,,,,
2315 1,,東広島医療センター,,34.4490086,132.7235941,2315 1,,0,,,,
2315 2,,東広島医療センター,,34.4490094,132.7235941,2315 2,,0,,,,
2316 1,,大沢田池,,34.4457676,132.7245073,2316 1,,0,,,,
2316 2,,大沢田池,,34.4460221,132.7246572,2316 2,,0,,,,
2317 1,,上寺家,,34.4424535,132.7223302,2317 1,,0,,,,
2317 2,,上寺家,,34.4424589,132.7222263,2317 2,,0,,,,
2318 1,,寺家駅,,34.4392129,132.7223002,2318 1,,0,,,,
2318 2,,寺家駅,,34.4391386,132.7221581,2318 2,,0,,,,
2320 3,,西条昭和町,,34.425265,132.7423436,2320 3,,0,,,,
2320 4,,西条昭和町,,34.4257049,132.742228,2320 4,,0,,,,
2341 1,,寺西小学校,,34.4296153,132.7249572,2341 1,,0,,,,
2341 2,,寺西小学校,,34.4295619,132.7249004,2341 2,,0,,,,
2342 1,,大門橋,,34.4297452,132.7211822,2342 1,,0,,,,
2342 2,,大門橋,,34.4296649,132.7212302,2342 2,,0,,,,
2343 1,,後谷,,34.4279411,132.7191339,2343 1,,0,,,,
2343 2,,後谷,,34.4280299,132.719256,2343 2,,0,,,,
2344 1,,前谷北,,34.4246783,132.7151583,2344 1,,0,,,,
2344 2,,前谷北,,34.4245693,132.7151934,2344 2,,0,,,,
2345 1,,前谷,,34.4237843,132.7137246,2345 1,,0,,,,
2345 2,,前谷,,34.4238255,132.7138856,2345 2,,0,,,,
2346 1,,川西,,34.4206889,132.7113697,2346 1,,0,,,,
2346 2,,川西,,34.4209314,132.711847,2346 2,,0,,,,
2347 1,,大番神社,,34.4206591,132.7037569,2347 1,,0,,,,
2347 2,,大番神社,,34.4206004,132.7037727,2347 2,,0,,,,
2348 1,,農業技術センター北,,34.420287,132.699179,2348 1,,0,,,,
2348 2,,農業技術センター北,,34.4202558,132.6993307,2348 2,,0,,,,
2349 1,,原保育所,,34.4189908,132.6972136,2349 1,,0,,,,
2349 2,,原保育所,,34.4186991,132.6969206,2349 2,,0,,,,
2350 1,,馬場台,,34.4178389,132.6946531,2350 1,,0,,,,
2350 2,,馬場台,,34.4178053,132.6947601,2350 2,,0,,,,
2351 1,,原小学校,,34.4150823,132.690176,2351 1,,0,,,,
2351 2,,原小学校,,34.4150576,132.690242,2351 2,,0,,,,
2352 1,,西山,,34.4116016,132.6860162,2352 1,,0,,,,
2352 2,,西山,,34.4115647,132.6860749,2352 2,,0,,,,
2353 1,,西山河野,,34.4082449,132.682073,2353 1,,0,,,,
2353 2,,西山河野,,34.4082171,132.682125,2353 2,,0,,,,
2354 1,,出ヶ原,,34.4054864,132.6770737,2354 1,,0,,,,
2354 2,,出ヶ原,,34.4054929,132.6771714,2354 2,,0,,,,
2355 1,,広島学園前,,34.3990066,132.6767166,2355 1,,0,,,,
2355 2,,広島学園前,,34.3989009,132.6768513,2355 2,,0,,,,
2356 1,,東山,,34.3955986,132.6753189,2356 1,,0,,,,
2356 2,,東山,,34.3954956,132.6753099,2356 2,,0,,,,
2357 1,,北郷,,34.3939369,132.6739702,2357 1,,0,,,,
2357 2,,北郷,,34.3939364,132.6740687,2357 2,,0,,,,
2358 1,,南郷,,34.3918063,132.6739315,2358 1,,0,,,,
2358 2,,南郷,,34.3909506,132.6740467,2358 2,,0,,,,
2359 1,,中渡橋,,34.388489,132.6744872,2359 1,,0,,,,
2359 2,,中渡橋,,34.388377,132.6745437,2359 2,,0,,,,
2360 1,,広島みずほカントリークラブ入口,,34.3841238,132.6765418,2360 1,,0,,,,
2360 2,,広島みずほカントリークラブ入口,,34.3842805,132.6764558,2360 2,,0,,,,
2361 1,,マイクロン前,,34.3841156,132.6789449,2361 1,,0,,,,
2361 2,,マイクロン前,,34.3842138,132.6796705,2361 2,,0,,,,
2363 0,,吉川工業団地,,34.3872276,132.6859193,2363 0,,0,,,,
2363 1,,吉川工業団地,,34.3868544,132.6857012,2363 1,,0,,,,
2363 2,,吉川工業団地,,34.3872276,132.6859192,2363 2,,0,,,,
2364 1,,一ツ橋,,34.3866858,132.6910296,2364 1,,0,,,,
2364 2,,一ツ橋,,34.3867667,132.6910544,2364 2,,0,,,,
2365 1,,田口研究団地,,34.3865162,132.693304,2365 1,,0,,,,
2365 2,,田口研究団地,,34.3868924,132.6934284,2365 2,,0,,,,
2366 1,,武士集会所前,,34.3883834,132.6954552,2366 1,,0,,,,
2366 2,,武士集会所前,,34.3879869,132.694603,2366 2,,0,,,,
2367 1,,下横野,,34.3926136,132.6894102,2367 1,,0,,,,
2367 2,,下横野,,34.3925438,132.6895753,2367 2,,0,,,,
2368 1,,下野原下,,34.3916658,132.6854896,2368 1,,0,,,,
2368 2,,下野原下,,34.3915655,132.6852554,2368 2,,0,,,,
2369 1,,下野原,,34.39149,132.6815516,2369 1,,0,,,,
2369 2,,下野原,,34.3913855,132.6814949,2369 2,,0,,,,
2370 1,,下野原中,,34.3913669,132.6797053,2370 1,,0,,,,
2370 2,,下野原中,,34.3912783,132.6795812,2370 2,,0,,,,
2371 1,,下野原上,,34.3914351,132.6765447,2371 1,,0,,,,
2371 2,,下野原上,,34.3913537,132.6766382,2371 2,,0,,,,
2372 1,,吉川本郷,,34.3911523,132.6721035,2372 1,,0,,,,
2372 2,,吉川本郷,,34.3910376,132.6719723,2372 2,,0,,,,
2373 1,,清水原,,34.3921765,132.6690207,2373 1,,0,,,,
2373 2,,清水原,,34.392149,132.6688623,2373 2,,0,,,,
2374 1,,吉川,,34.393324,132.6711089,2374 1,,0,,,,
2374 2,,吉川,,34.393391,132.6710688,2374 2,,0,,,,
2376 3,,ゆめタウン東広島前,,34.4278933,132.7500238,2376 3,,0,,,,
2376 4,,ゆめタウン東広島前,,34.4277829,132.7500495,2376 4,,0,,,,
2381 1,,中学校前,,34.4403787,132.6926658,2381 1,,0,,,,
2381 2,,中学校前,,34.4410176,132.6925916,2381 2,,0,,,,
2382 1,,日興団地入口,,34.4354436,132.6931751,2382 1,,0,,,,
2382 2,,日興団地入口,,34.434602,132.6932899,2382 2,,0,,,,
2383 1,,記念橋,,34.4293467,132.6918102,2383 1,,0,,,,
2383 2,,記念橋,,34.4300502,132.6921501,2383 2,,0,,,,
2384 1,,ダイキョーニシカワ前,,34.425013,132.6910277,2384 1,,0,,,,
2384 2,,ダイキョーニシカワ前,,34.4246538,132.6909762,2384 2,,0,,,,
2385 1,,後長沢,,34.4223711,132.6898193,2385 1,,0,,,,
2385 2,,後長沢,,34.4219349,132.6898653,2385 2,,0,,,,
2386 1,,長沢,,34.4187512,132.6862676,2386 1,,0,,,,
2386 2,,長沢,,34.4183519,132.6856898,2386 2,,0,,,,
2387 1,,前長沢,,34.4165569,132.6821757,2387 1,,0,,,,
2387 2,,前長沢,,34.4161393,132.681958,2387 2,,0,,,,
2388 1,,姫ヶ池,,34.4113786,132.6804302,2388 1,,0,,,,
2388 2,,姫ヶ池,,34.4114038,132.6805173,2388 2,,0,,,,
24 1,,上曽場,,34.4428767,132.6910567,24 1,,0,,,,
24 2,,上曽場,,34.4428047,132.6912079,24 2,,0,,,,
2400 1,,公民館前,,34.4408333,132.7670706,2400 1,,0,,,,
2400 2,,公民館前,,34.4407289,132.766994,2400 2,,0,,,,
2401 1,,木坂,,34.4423719,132.7715649,2401 1,,0,,,,
2401 2,,木坂,,34.4422873,132.7716346,2401 2,,0,,,,
2402 1,,大畠,,34.4429977,132.7756067,2402 1,,0,,,,
2402 2,,大畠,,34.4428836,132.7756149,2402 2,,0,,,,
2403 1,,梶森,,34.4440346,132.7794291,2403 1,,0,,,,
2403 2,,梶森,,34.4439747,132.7795138,2403 2,,0,,,,
2404 1,,高屋西小学校,,34.4461404,132.7814751,2404 1,,0,,,,
2404 2,,高屋西小学校,,34.4459719,132.781477,2404 2,,0,,,,
2405 1,,伊藤歯科医院前,,34.4490866,132.7853795,2405 1,,0,,,,
2405 2,,伊藤歯科医院前,,34.4489419,132.7850954,2405 2,,0,,,,
2406 1,,西本橋,,34.4494322,132.7874776,2406 1,,0,,,,
2406 2,,西本橋,,34.4493647,132.7876035,2406 2,,0,,,,
2407 0,,西高屋駅前,,34.4466157,132.7887226,2407 0,,0,,,,
2407 1,,西高屋駅前,,34.4466149,132.7887221,2407 1,,0,,,,
2407 2,,西高屋駅前,,34.4466144,132.7887224,2407 2,,0,,,,
2407 5,,西高屋駅前,,34.446615,132.7887223,2407 5,,0,,,,
2408 1,,正原,,34.4522771,132.7931818,2408 1,,0,,,,
2408 2,,正原,,34.4519403,132.7929402,2408 2,,0,,,,
2409 1,,浄福寺下,,34.4540221,132.7961597,2409 1,,0,,,,
2409 2,,浄福寺下,,34.4540522,132.796555,2409 2,,0,,,,
2410 1,,下堀,,34.4558004,132.8031527,2410 1,,0,,,,
2410 2,,下堀,,34.4558293,132.8033635,2410 2,,0,,,,
2411 1,,陽晃台入口,,34.4562556,132.8077521,2411 1,,0,,,,
2411 2,,陽晃台入口,,34.4561898,132.8076568,2411 2,,0,,,,
2412 1,,四ツ堂,,34.4545218,132.8136486,2412 1,,0,,,,
2412 2,,四ツ堂,,34.4544112,132.8135298,2412 2,,0,,,,
2413 1,,東高屋,,34.4577272,132.818911,2413 1,,0,,,,
2413 2,,東高屋,,34.457725,132.8187051,2413 2,,0,,,,
2414 0,,白市,,34.4569022,132.8214856,2414 0,,0,,,,
2414 1,,白市,,34.4569015,132.8214847,2414 1,,0,,,,
2414 2,,白市,,34.4568961,132.8214241,2414 2,,0,,,,
2415 1,,西福寺下,,34.4555304,132.8212811,2415 1,,0,,,,
2415 2,,西福寺下,,34.455456,132.821199,2415 2,,0,,,,
2416 0,,ネオポリス北,,34.4518155,132.8222469,2416 0,,0,,,,
2416 1,,ネオポリス北,,34.4518149,132.8222476,2416 1,,0,,,,
2416 2,,ネオポリス北,,34.4523535,132.8219701,2416 2,,0,,,,
2416 3,,ネオポリス北,,34.4518156,132.8222476,2416 3,,0,,,,
2417 1,,ネオポリス南,,34.4505355,132.8236749,2417 1,,0,,,,
2417 2,,ネオポリス南,,34.4505079,132.8240187,2417 2,,0,,,,
2417 3,,ネオポリス南,,34.4505354,132.823674,2417 3,,0,,,,
2417 4,,ネオポリス南,,34.4512084,132.82457,2417 4,,0,,,,
2418 1,,上条,,34.4469687,132.8269814,2418 1,,0,,,,
2418 2,,上条,,34.4468664,132.8268129,2418 2,,0,,,,
2419 0,,白市駅,,34.4433649,132.8325158,2419 0,,0,,,,
2419 1,,白市駅,,34.443363,132.8325168,2419 1,,0,,,,
2419 2,,白市駅,,34.4433643,132.8325171,2419 2,,0,,,,
2420 1,,杵原下,,34.451081,132.7875954,2420 1,,0,,,,
2420 2,,杵原下,,34.4507893,132.7875064,2420 2,,0,,,,
2421 1,,高美が丘入口,,34.453603,132.7884469,2421 1,,0,,,,
2421 2,,高美が丘入口,,34.4538704,132.7885826,2421 2,,0,,,,
2422 1,,高美が丘公園,,34.4576439,132.790581,2422 1,,0,,,,
2422 2,,高美が丘公園,,34.4581087,132.7905228,2422 2,,0,,,,
2423 1,,高美が丘公園北,,34.4579311,132.7926026,2423 1,,0,,,,
2423 2,,高美が丘公園北,,34.4585479,132.7922551,2423 2,,0,,,,
2424 1,,高美が丘四丁目南,,34.4579018,132.7964824,2424 1,,0,,,,
2424 2,,高美が丘四丁目南,,34.4579301,132.7963433,2424 2,,0,,,,
2425 1,,高美が丘四丁目東,,34.4600827,132.7961267,2425 1,,0,,,,
2425 2,,高美が丘四丁目東,,34.459714,132.7963147,2425 2,,0,,,,
2426 1,,高美が丘小学校,,34.4618407,132.7946892,2426 1,,0,,,,
2426 2,,高美が丘小学校,,34.4616566,132.794772,2426 2,,0,,,,
2427 1,,高美が丘七丁目,,34.4644016,132.7919136,2427 1,,0,,,,
2427 2,,高美が丘七丁目,,34.4643005,132.7917434,2427 2,,0,,,,
2428 0,,高美が丘九丁目,,34.4665463,132.7884622,2428 0,,0,,,,
2428 1,,高美が丘九丁目,,34.4665233,132.7899114,2428 1,,0,,,,
2428 2,,高美が丘九丁目,,34.4665468,132.7884624,2428 2,,0,,,,
2429 1,,二百石,,34.4654688,132.7843797,2429 1,,0,,,,
2429 2,,二百石,,34.4659531,132.7850758,2429 2,,0,,,,
2430 0,,近畿大学,,34.4582247,132.7805906,2430 0,,0,,,,
2430 1,,近畿大学,,34.4582255,132.7805908,2430 1,,0,,,,
2431 1,,杵原中央,,34.4544654,132.783769,2431 1,,0,,,,
2431 2,,杵原中央,,34.4543576,132.7847476,2431 2,,0,,,,
2432 1,,山手口,,34.4569966,132.7777661,2432 1,,0,,,,
2432 2,,山手口,,34.4576293,132.7767837,2432 2,,0,,,,
2435 1,,東広島記念病院前,,34.4382981,132.7555046,2435 1,,0,,,,
2435 2,,東広島記念病院前,,34.4384851,132.7559527,2435 2,,0,,,,
2436 1,,福祉センター前,,34.4222875,132.7541318,2436 1,,0,,,,
2436 3,,福祉センター前,,34.4222888,132.7541326,2436 3,,0,,,,
2441 1,,次郎丸,,34.4408301,132.8600305,2441 1,,0,,,,
2441 2,,次郎丸,,34.4406138,132.860016,2441 2,,0,,,,
2442 1,,中倉,,34.4387223,132.8630153,2442 1,,0,,,,
2442 2,,中倉,,34.4389816,132.8624699,2442 2,,0,,,,
2443 1,,徳広,,34.438112,132.8668245,2443 1,,0,,,,
2443 2,,徳広,,34.4378781,132.8684294,2443 2,,0,,,,
2444 1,,河内インター,,34.433071,132.8799308,2444 1,,0,,,,
2444 2,,河内インター,,34.4326893,132.8805426,2444 2,,0,,,,
2444 3,,河内インター,,34.4318786,132.8818941,2444 3,,0,,,,
2444 4,,河内インター,,34.4319708,132.8804462,2444 4,,0,,,,
2445 0,,広島空港,,34.4401777,132.9187136,2445 0,,0,,,,
2445 4,,広島空港,,34.4400547,132.9196175,2445 4,,0,,,,4
2446 1,,門,,34.4436553,132.8641641,2446 1,,0,,,,
2446 2,,門,,34.4435623,132.8644005,2446 2,,0,,,,
2447 1,,臨空団地入口,,34.4456315,132.870704,2447 1,,0,,,,
2447 2,,臨空団地入口,,34.4454181,132.8705729,2447 2,,0,,,,
2448 1,,松永橋,,34.4468544,132.8758844,2448 1,,0,,,,
2448 2,,松永橋,,34.4464623,132.875451,2448 2,,0,,,,
2449 1,,下大内原,,34.4472872,132.881446,2449 1,,0,,,,
2449 2,,下大内原,,34.4467661,132.8818156,2449 2,,0,,,,
2450 1,,篁老人集会所,,34.4456803,132.8861138,2450 1,,0,,,,
2450 2,,篁老人集会所,,34.4454037,132.8876766,2450 2,,0,,,,
2451 1,,元兼,,34.4416779,132.891916,2451 1,,0,,,,
2451 2,,元兼,,34.4416397,132.8918374,2451 2,,0,,,,
2452 1,,丸宮橋,,34.4583114,132.8326493,2452 1,,0,,,,
2452 2,,丸宮橋,,34.4586146,132.8317946,2452 2,,0,,,,
2453 1,,中核工業団地入口,,34.4632232,132.8334722,2453 1,,0,,,,
2453 2,,中核工業団地入口,,34.4631365,132.8334705,2453 2,,0,,,,
2454 1,,中核工業団地,,34.4671609,132.8352889,2454 1,,0,,,,
2454 2,,中核工業団地,,34.46696902,132.8353721,2454 2,,0,,,,
2455 0,,高屋東工業団地,,34.4641106,132.8385748,2455 0,,0,,,,
2455 1,,高屋東工業団地,,34.4641106,132.838575,2455 1,,0,,,,
2473 3,,円城寺北,,34.4196692,132.7557577,2473 3,,0,,,,
2473 4,,円城寺北,,34.4196065,132.755799,2473 4,,0,,,,
2474 3,,円城寺南,,34.4169924,132.7570932,2474 3,,0,,,,
2474 4,,円城寺南,,34.4170961,132.7570474,2474 4,,0,,,,
2475 3,,城信,,34.4156435,132.7522431,2475 3,,0,,,,
2475 4,,城信,,34.4157957,132.7525086,2475 4,,0,,,,
2476 1,,フジグラン前,,34.4079274,132.7507551,2476 1,,0,,,,
2476 2,,フジグラン前,,34.4079059,132.7504504,2476 2,,0,,,,
2476 3,,フジグラン前,,34.4079262,132.7507543,2476 3,,0,,,,
2476 4,,フジグラン前,,34.4079071,132.7504527,2476 4,,0,,,,
2477 1,,早稲木地蔵前,,34.4015314,132.7554803,2477 1,,0,,,,
2477 2,,早稲木地蔵前,,34.4011631,132.75566,2477 2,,0,,,,
2478 1,,下三永西,,34.3965151,132.7630508,2478 1,,0,,,,
2478 2,,下三永西,,34.3965263,132.7628419,2478 2,,0,,,,
2479 1,,高岡,,34.3891007,132.762953,2479 1,,0,,,,
2479 2,,高岡,,34.3892162,132.7627086,2479 2,,0,,,,
2480 0,,東広島駅,,34.3888997,132.7601309,2480 0,,0,,,,
2480 1,,東広島駅,,34.3888987,132.7601304,2480 1,,0,,,,1
2481 1,,三永二丁目,,34.3868064,132.7613691,2481 1,,0,,,,
2481 2,,三永二丁目,,34.3867269,132.7613964,2481 2,,0,,,,
2482 1,,三永三丁目,,34.389232,132.7644404,2482 1,,0,,,,
2482 2,,三永三丁目,,34.3891726,132.7645317,2482 2,,0,,,,
2483 1,,ゴルフ場下,,34.3924626,132.7688715,2483 1,,0,,,,
2483 2,,ゴルフ場下,,34.3924002,132.7689111,2483 2,,0,,,,
2484 1,,ゴルフ場入口,,34.3984221,132.7692509,2484 1,,0,,,,
2484 2,,ゴルフ場入口,,34.3984518,132.7699488,2484 2,,0,,,,
2485 1,,三永小学校入口,,34.4002872,132.7772735,2485 1,,0,,,,
2485 2,,三永小学校入口,,34.3999579,132.7760527,2485 2,,0,,,,
2486 1,,本頭,,34.4005436,132.7809307,2486 1,,0,,,,
2486 2,,本頭,,34.4003097,132.7804842,2486 2,,0,,,,
2487 1,,門前原,,34.4002101,132.784631,2487 1,,0,,,,
2487 2,,門前原,,34.4000086,132.7844016,2487 2,,0,,,,
2488 1,,上三永,,34.4005281,132.7918346,2488 1,,0,,,,
2488 2,,上三永,,34.4001688,132.792745,2488 2,,0,,,,
2489 1,,仁賀口,,34.3997899,132.7969869,2489 1,,0,,,,
2489 2,,仁賀口,,34.3995878,132.7974597,2489 2,,0,,,,
2490 1,,石門,,34.4003062,132.8039379,2490 1,,0,,,,
2490 2,,石門,,34.4008339,132.8046343,2490 2,,0,,,,
2491 1,,熊野神社,,34.4074192,132.8201563,2491 1,,0,,,,
2491 2,,熊野神社,,34.4070136,132.8190742,2491 2,,0,,,,
2492 1,,上田万里,,34.4057834,132.8228027,2492 1,,0,,,,
2492 2,,上田万里,,34.4054566,132.8226369,2492 2,,0,,,,
2493 0,,銀山橋,,34.4061494,132.8276543,2493 0,,0,,,,
2493 1,,銀山橋,,34.4060337,132.8264741,2493 1,,0,,,,
2493 2,,銀山橋,,34.4061488,132.8276543,2493 2,,0,,,,
2494 1,,中田万里,,34.4075329,132.8318875,2494 1,,0,,,,
2494 2,,中田万里,,34.407346,132.8320705,2494 2,,0,,,,
2495 1,,田万里公民館,,34.4080099,132.8394668,2495 1,,0,,,,
2495 2,,田万里公民館,,34.4075872,132.8402648,2495 2,,0,,,,
2496 1,,田万里局前,,34.4071551,132.8436169,2496 1,,0,,,,
2496 2,,田万里局前,,34.4069362,132.8427308,2496 2,,0,,,,
2497 1,,田万里市,,34.4077011,132.8471344,2497 1,,0,,,,
2497 2,,田万里市,,34.4075181,132.8470334,2497 2,,0,,,,
2498 1,,竜王,,34.4056847,132.851798,2498 1,,0,,,,
2498 2,,竜王,,34.4059492,132.8511585,2498 2,,0,,,,
2499 1,,堂延,,34.4022632,132.8562239,2499 1,,0,,,,
2499 2,,堂延,,34.4022513,132.8558945,2499 2,,0,,,,
2500 1,,田万里境,,34.400555,132.8602481,2500 1,,0,,,,
2500 2,,田万里境,,34.4008788,132.8591004,2500 2,,0,,,,
2501 1,,西野大橋,,34.3986092,132.8669204,2501 1,,0,,,,
2501 2,,西野大橋,,34.3985621,132.866697,2501 2,,0,,,,
2502 1,,湯坂温泉入口,,34.3967816,132.8749295,2502 1,,0,,,,1
2502 2,,湯坂温泉入口,,34.396609,132.8748832,2502 2,,0,,,,2
2503 1,,大貫医院,,34.3958985,132.8833537,2503 1,,0,,,,
2503 2,,大貫医院,,34.3958463,132.8828383,2503 2,,0,,,,
2504 1,,荘野小学校,,34.3954332,132.8867879,2504 1,,0,,,,
2504 2,,荘野小学校,,34.395356,132.8866084,2504 2,,0,,,,
2505 1,,新庄,,34.3929549,132.8906846,2505 1,,0,,,,
2505 2,,新庄,,34.3923984,132.8902223,2505 2,,0,,,,
2505 4,,新庄,,34.3923925,132.8902234,2505 4,,0,,,,
2505 8,,新庄,,34.392944569615256249460,132.8906875776476377773944,2505 8,,0,,,,
2506 1,,神田,,34.3892947,132.8918069,2506 1,,0,,,,
2506 2,,神田,,34.3894551,132.8916883,2506 2,,0,,,,
2506 4,,神田,,34.3894481,132.8916885,2506 4,,0,,,,
2506 8,,神田,,34.389294979388835342906,132.8918043197489815952776,2506 8,,0,,,,
2507 1,,下新庄,,34.3862963,132.8918203,2507 1,,0,,,,
2507 2,,下新庄,,34.3868743,132.8916595,2507 2,,0,,,,
2507 4,,下新庄,,34.386869,132.8916574,2507 4,,0,,,,
2507 8,,下新庄,,34.386295300476914337528,132.8918211235269023682276,2507 8,,0,,,,
2508 1,,小早川神社,,34.383913,132.8916311,2508 1,,0,,,,
2508 2,,小早川神社,,34.3843647,132.8915737,2508 2,,0,,,,
2508 4,,小早川神社,,34.3843586,132.8915728,2508 4,,0,,,,
2508 8,,小早川神社,,34.383912218330836134709,132.8916379151843722661328,2508 8,,0,,,,
2509 1,,大福地,,34.3730431,132.8842312,2509 1,,0,,,,
2509 2,,大福地,,34.3729471,132.8840921,2509 2,,0,,,,
2509 4,,大福地,,34.3729418,132.8840927,2509 4,,0,,,,
2509 8,,大福地,,34.373046585182074416074,132.8842390298871543018116,2509 8,,0,,,,
2510 1,,水の口,,34.3687629,132.8856985,2510 1,,0,,,,
2510 2,,水の口,,34.3689815,132.8853334,2510 2,,0,,,,
2510 4,,水の口,,34.3689796,132.8853405,2510 4,,0,,,,
2510 8,,水の口,,34.368763735808813728946,132.8857057718798491983174,2510 8,,0,,,,
2511 1,,上条橋,,34.3642315,132.8919921,2511 1,,0,,,,
2511 2,,上条橋,,34.3639338,132.8921471,2511 2,,0,,,,
2511 4,,上条橋,,34.3639302,132.8921524,2511 4,,0,,,,
2511 8,,上条橋,,34.364230997423406133692,132.8920054574985383217522,2511 8,,0,,,,
2512 1,,上石比,,34.3573005,132.8978727,2512 1,,0,,,,
2512 2,,上石比,,34.35749,132.8975723,2512 2,,0,,,,
2512 4,,上石比,,34.3574854,132.8975769,2512 4,,0,,,,
2512 8,,上石比,,34.357298507790102284804,132.8978719561777508929626,2512 8,,0,,,,
2513 1,,中通,,34.3541347,132.9002911,2513 1,,0,,,,
2513 2,,中通,,34.3541099,132.9001773,2513 2,,0,,,,
2513 4,,中通,,34.3541062,132.9001797,2513 4,,0,,,,
2513 6,,中通,,34.354098890493668547633,132.9001885777923998738932,2513 6,,0,,,,
2513 8,,中通,,34.353982240940337683130,132.9004552276966999102794,2513 8,,0,,,,
2514 1,,中通下,,34.351808,132.9024713,2514 1,,0,,,,
2514 2,,中通下,,34.3512446,132.9027546,2514 2,,0,,,,
2514 4,,中通下,,34.3512401,132.9027599,2514 4,,0,,,,
2514 8,,中通下,,34.351799176031637751185,132.9024718274729585528308,2514 8,,0,,,,
2515 1,,新開,,34.3471581,132.9048364,2515 1,,0,,,,
2515 2,,新開,,34.347284,132.904643,2515 2,,0,,,,
2515 4,,新開,,34.3472788,132.9046453,2515 4,,0,,,,
2515 8,,新開,,34.347149715273933921551,132.9048385112785646725296,2515 8,,0,,,,
2516 1,,竹原中央,,34.3429814,132.9069905,2516 1,,0,,,,
2516 2,,竹原中央,,34.3425619,132.9071544,2516 2,,0,,,,
2516 4,,竹原中央,,34.342557,132.9071576,2516 4,,0,,,,
2516 8,,竹原中央,,34.342983531250089469530,132.9069885244971443797486,2516 8,,0,,,,
2517 0,,竹原駅,,34.339497,132.9094072,2517 0,,0,,,,
2517 1,,竹原駅,,34.3394893,132.9094065,2517 1,,0,,,,
2517 2,,竹原駅,,34.3394954,132.9094117,2517 2,,0,,,,
2517 3,,竹原駅,,34.3394827,132.9094069,2517 3,,0,,,,
2517 4,,竹原駅,,34.3394865,132.9093995,2517 4,,0,,,,
2517 5,,竹原駅,,34.3394931,132.9093987,2517 5,,0,,,,
2518 1,,道の駅たけはら,,34.3428925,132.9125849,2518 1,,0,,,,
2518 8,,道の駅たけはら,,34.342900304839566069772,132.9125880632508381105678,2518 8,,0,,,,
2519 1,,フジ竹原店,,34.3481289,132.9030597,2519 1,,0,,,,
2519 2,,フジ竹原店,,34.3481068,132.9029496,2519 2,,0,,,,
2520 1,,大乗地域交流センター,,34.338168082583399744489,132.9472187385261305900564,2520 1,,0,,,,
2538 2,,安芸津病院,,34.3200533,132.8158082,2538 2,,0,,,,
2538 3,,安芸津病院,,34.3200627,132.815184,2538 3,,0,,,,
2539 0,,安芸津駅,,34.3184615,132.8177166,2539 0,,0,,,,
2539 3,,安芸津駅,,34.3184678,132.8177128,2539 3,,0,,,,
2588 1,,上戸,,34.4127972,132.7505822,2588 1,,0,,,,1
2588 2,,上戸,,34.4138509,132.750024,2588 2,,0,,,,2
2588 3,,上戸,,34.4127973,132.7505829,2588 3,,0,,,,1
2588 4,,上戸,,34.4138514,132.7500255,2588 4,,0,,,,2
2589 1,,のぞみ整形外科前,,34.4256993,132.7567044,2589 1,,0,,,,1
2589 2,,のぞみ整形外科前,,34.4241197,132.7552577,2589 2,,0,,,,2
2589 3,,のぞみ整形外科前,,34.4256993,132.7567042,2589 3,,0,,,,1
2589 4,,のぞみ整形外科前,,34.4241191,132.7552582,2589 4,,0,,,,2
2592 3,,東区役所前,,34.3962198,132.483853,2592 3,,0,,,,
2592 8,,東区役所前,,34.395937136682744474146,132.4835212551522296594958,2592 8,,0,,,,
2593 3,,矢賀新町二丁目,,34.3940176,132.4960251,2593 3,,0,,,,
2593 8,,矢賀新町二丁目,,34.393870912347089617766,132.4961702989985289471484,2593 8,,0,,,,
2594 3,,広島東インター,,34.4487172,132.5409279,2594 3,,0,,,,
2594 4,,広島東インター,,34.4486771,132.5416455,2594 4,,0,,,,
2596 3,,入野東山,,34.4304664,132.886231,2596 3,,0,,,,
2596 4,,入野東山,,34.4303756,132.8862148,2596 4,,0,,,,
2597 3,,下枌谷,,34.4167433,132.8957731,2597 3,,0,,,,
2597 4,,下枌谷,,34.4169363,132.8956817,2597 4,,0,,,,
2598 3,,上葛子,,34.4104095,132.8955694,2598 3,,0,,,,
2598 4,,上葛子,,34.4112062,132.895022,2598 4,,0,,,,
2599 3,,中葛子,,34.4060788,132.8934546,2599 3,,0,,,,
2599 4,,中葛子,,34.4061988,132.8933778,2599 4,,0,,,,
2600 3,,横大道,,34.3981322,132.8932756,2600 3,,0,,,,
2600 4,,横大道,,34.3978179,132.8930203,2600 4,,0,,,,
2601 3,,上枌谷,,34.4190597,132.897527,2601 3,,0,,,,
2601 4,,上枌谷,,34.4186923,132.897248,2601 4,,0,,,,
2610 1,,下長野,,34.3652756,132.7602219,2610 1,,0,,,,
2610 2,,下長野,,34.3653915,132.7601616,2610 2,,0,,,,
2611 1,,上長野,,34.3585509,132.7571279,2611 1,,0,,,,
2611 2,,上長野,,34.3583326,132.7569229,2611 2,,0,,,,
2612 1,,蚊無,,34.3418941,132.8000858,2612 1,,0,,,,
2612 2,,蚊無,,34.3417441,132.8008414,2612 2,,0,,,,
2613 1,,市の畑,,34.3407116,132.809198,2613 1,,0,,,,
2613 2,,市の畑,,34.3405819,132.8092166,2613 2,,0,,,,
2614 1,,向組,,34.335802,132.8152905,2614 1,,0,,,,
2614 2,,向組,,34.335807,132.8151652,2614 2,,0,,,,
2615 1,,中ノ村,,34.3291235,132.8161393,2615 1,,0,,,,
2615 2,,中ノ村,,34.3293227,132.8160068,2615 2,,0,,,,
2616 1,,三津小学校,,34.3256671,132.8165644,2616 1,,0,,,,
2616 2,,三津小学校,,34.3253569,132.8164919,2616 2,,0,,,,
2621 0,,三原営業所,,34.3966898,133.088961,2621 0,,0,,,,
2621 1,,三原営業所,,34.3965721,133.0888265,2621 1,,0,,,,
2622 1,,新古浜,,34.3981728,133.0904053,2622 1,,0,,,,
2622 2,,新古浜,,34.3979657,133.0906348,2622 2,,0,,,,
2623 1,,日赤入口,,34.400122,133.0896357,2623 1,,0,,,,
2623 2,,日赤入口,,34.4000949,133.0897447,2623 2,,0,,,,
2624 1,,城町,,34.4003701,133.0876544,2624 1,,0,,,,
2624 2,,城町,,34.4005504,133.08745,2624 2,,0,,,,
2625 0,,三原駅,,34.400211,133.0822726,2625 0,,0,,,,
2625 2,,三原駅,,34.4002289,133.0822733,2625 2,,0,,,,
2625 3,,三原駅,,34.4002854,133.0828795,2625 3,,0,,,,3
2625 4,,三原駅,,34.400288,133.082689,2625 4,,0,,,,4
2625 5,,三原駅,,34.4002901,133.0825015,2625 5,,0,,,,5
2626 1,,三原桟橋,,34.3985412,133.0812132,2626 1,,0,,,,
2626 3,,三原桟橋,,34.3985366,133.0812078,2626 3,,0,,,,
2626 5,,三原桟橋,,34.3985425,133.0812052,2626 5,,0,,,,
2627 1,,港町,,34.3990213,133.0797616,2627 1,,0,,,,
2627 3,,港町,,34.3990161,133.0797645,2627 3,,0,,,,
2627 5,,港町,,34.3990183,133.0797552,2627 5,,0,,,,
2628 1,,臥竜橋,,34.3989803,133.0761762,2628 1,,0,,,,
2628 2,,臥竜橋,,34.399547,133.0763182,2628 2,,0,,,,
2628 3,,臥竜橋,,34.3989761,133.0761808,2628 3,,0,,,,
2628 4,,臥竜橋,,34.399152,133.0749899,2628 4,,0,,,,
2628 5,,臥竜橋,,34.3989756,133.0761718,2628 5,,0,,,,
2629 1,,税務署前,,34.39686403,133.0745055,2629 1,,0,,,,
2629 2,,税務署前,,34.3970318,133.0744583,2629 2,,0,,,,
2629 3,,税務署前,,34.3974986,133.0744131,2629 3,,0,,,,
2630 1,,三中前,,34.3950309,133.0739408,2630 1,,0,,,,
2630 2,,三中前,,34.3945906,133.0736925,2630 2,,0,,,,
2631 1,,三原高校前,,34.392479,133.0736559,2631 1,,0,,,,
2631 2,,三原高校前,,34.3924818,133.0735593,2631 2,,0,,,,
2632 1,,宮沖五丁目,,34.3903803,133.0736826,2632 1,,0,,,,
2632 2,,宮沖五丁目,,34.3903631,133.0735358,2632 2,,0,,,,
2632 3,,宮沖五丁目,,34.3903947,133.0736829,2632 3,,0,,,,
2633 1,,和田口,,34.3854863,133.0741137,2633 1,,0,,,,
2633 2,,和田口,,34.3861875,133.0734986,2633 2,,0,,,,
2633 3,,和田口,,34.3855436,133.0728948,2633 3,,0,,,,
2634 1,,和田町,,34.3837612,133.07611,2634 1,,0,,,,
2634 2,,和田町,,34.3836182,133.0759668,2634 2,,0,,,,
2635 1,,貝野,,34.3818953,133.0798414,2635 1,,0,,,,
2635 2,,貝野,,34.3820474,133.0785453,2635 2,,0,,,,
2636 1,,三菱和田沖工場前,,34.3806923,133.0837189,2636 1,,0,,,,
2636 2,,三菱和田沖工場前,,34.3811543,133.0819372,2636 2,,0,,,,
2637 1,,貝野町南,,34.3791424,133.0857069,2637 1,,0,,,,
2637 2,,貝野町南,,34.379082,133.0856236,2637 2,,0,,,,
2638 1,,須波駅,,34.3700787,133.0855782,2638 1,,0,,,,
2638 2,,須波駅,,34.37032,133.0855486,2638 2,,0,,,,
2639 1,,須波港口,,34.3685539,133.084547,2639 1,,0,,,,
2639 2,,須波港口,,34.3685413,133.0843886,2639 2,,0,,,,
2640 1,,須波小学校,,34.3659973,133.0837831,2640 1,,0,,,,
2640 2,,須波小学校,,34.3659569,133.083665,2640 2,,0,,,,
2641 1,,須波住宅,,34.3611946,133.083795,2641 1,,0,,,,
2641 2,,須波住宅,,34.3624265,133.0838134,2641 2,,0,,,,
2642 1,,須波フェリー前,,34.3598127,133.0830646,2642 1,,0,,,,
2642 2,,須波フェリー前,,34.3601182,133.082947,2642 2,,0,,,,
2643 1,,四堂踏切,,34.3566759,133.0823124,2643 1,,0,,,,
2643 2,,四堂踏切,,34.3572734,133.0823354,2643 2,,0,,,,
2644 1,,西須波,,34.3548601,133.0818879,2644 1,,0,,,,
2644 2,,西須波,,34.3548851,133.0817491,2644 2,,0,,,,
2645 1,,すなみ海浜公園前,,34.3496569,133.0809023,2645 1,,0,,,,
2645 2,,すなみ海浜公園前,,34.351804,133.0813653,2645 2,,0,,,,
2646 1,,須波ハイツ入口,,34.3476223,133.0796782,2646 1,,0,,,,
2646 2,,須波ハイツ入口,,34.3473428,133.0794569,2646 2,,0,,,,
2647 1,,ハイツ公園前,,34.34880256,133.0776741,2647 1,,0,,,,
2647 3,,ハイツ公園前,,34.3489452,133.0777654,2647 3,,0,,,,
2647 4,,ハイツ公園前,,34.3489575,133.0777575,2647 4,,0,,,,
2648 0,,すなみ荘前,,34.3528443,133.0780196,2648 0,,0,,,,
2648 3,,須波ハイツ,,34.3528372,133.078028,2648 3,,0,,,,
2648 4,,須波ハイツ,,34.3528516,133.078029,2648 4,,0,,,,
2649 1,,久和喜,,34.3437613,133.0673075,2649 1,,0,,,,
2649 2,,久和喜,,34.3438639,133.0672118,2649 2,,0,,,,
2650 1,,宇和島橋,,34.3434717,133.0536405,2650 1,,0,,,,
2650 2,,宇和島橋,,34.3436716,133.0541532,2650 2,,0,,,,
2651 1,,宇和島,,34.3419641,133.051199,2651 1,,0,,,,
2651 2,,宇和島,,34.3421296,133.0513454,2651 2,,0,,,,
2652 1,,西宇和島,,34.3403583,133.0480174,2652 1,,0,,,,
2652 2,,西宇和島,,34.3403274,133.0478698,2652 2,,0,,,,
2653 1,,造船所前,,34.3384014,133.0426406,2653 1,,0,,,,
2653 2,,造船所前,,34.3388931,133.0435647,2653 2,,0,,,,
2654 1,,栄橋,,34.3362487,133.0365194,2654 1,,0,,,,
2654 2,,栄橋,,34.33655,133.0376436,2654 2,,0,,,,
2655 1,,賑橋,,34.3350624,133.0348013,2655 1,,0,,,,
2655 2,,賑橋,,34.3351394,133.0347348,2655 2,,0,,,,
2656 1,,仲,,34.3328879,133.02993,2656 1,,0,,,,
2656 2,,仲,,34.3329918,133.0305274,2656 2,,0,,,,
2657 0,,久津公民館,,34.3329575,133.0192948,2657 0,,0,,,,
2657 1,,久津公民館,,34.3329623,133.0192796,2657 1,,0,,,,
2657 2,,久津公民館,,34.3331071,133.0192525,2657 2,,0,,,,
2658 1,,久津,,34.3356252,133.0157401,2658 1,,0,,,,
2658 2,,久津,,34.3355174,133.0156352,2658 2,,0,,,,
2659 1,,二窓,,34.3364432,133.0032298,2659 1,,0,,,,
2659 2,,二窓,,34.3364071,133.002981,2659 2,,0,,,,
2660 1,,芸南学園,,34.3378573,133.000404,2660 1,,0,,,,
2660 2,,芸南学園,,34.3378469,132.9998399,2660 2,,0,,,,
2661 1,,大久野島入口,,34.3382389,132.994371,2661 1,,0,,,,
2661 2,,大久野島入口,,34.3381712,132.9943942,2661 2,,0,,,,
2662 0,,忠海駅前,,34.3370445,132.99101,2662 0,,0,,,,
2662 1,,忠海駅前,,34.3370492,132.9910228,2662 1,,0,,,,
2662 2,,忠海駅前,,34.3368558,132.9909182,2662 2,,0,,,,
2663 1,,宮床,,34.3354872,132.9870018,2663 1,,0,,,,
2663 2,,宮床,,34.3353463,132.9869187,2663 2,,0,,,,
2664 1,,忠海高校,,34.3326237,132.9813289,2664 1,,0,,,,
2664 2,,忠海高校,,34.3326921,132.9809988,2664 2,,0,,,,
2665 1,,長浜東,,34.3337962,132.9754367,2665 1,,0,,,,
2665 2,,長浜東,,34.3335435,132.9756719,2665 2,,0,,,,
2666 1,,長浜明神橋,,34.3364248,132.9675854,2666 1,,0,,,,
2666 2,,長浜明神橋,,34.3363849,132.9673901,2666 2,,0,,,,
2667 1,,長浜,,34.3370423,132.9656865,2667 1,,0,,,,
2667 2,,長浜,,34.3373785,132.9643064,2667 2,,0,,,,
2668 1,,安芸長浜駅,,34.33778,132.9622699,2668 1,,0,,,,
2668 2,,安芸長浜駅,,34.3377145,132.9621162,2668 2,,0,,,,
2669 1,,打越住宅,,34.3403813,132.9563999,2669 1,,0,,,,
2669 2,,打越住宅,,34.3403531,132.9559926,2669 2,,0,,,,
2670 1,,大乗福田,,34.3406774,132.9523306,2670 1,,0,,,,
2670 2,,大乗福田,,34.3403059,132.9506748,2670 2,,0,,,,
2671 1,,大乗駅前,,34.3401019,132.9458216,2671 1,,0,,,,
2671 2,,大乗駅前,,34.339993,132.9457349,2671 2,,0,,,,
2672 1,,東条,,34.331927,132.9380466,2672 1,,0,,,,
2672 2,,東条,,34.3318647,132.9381372,2672 2,,0,,,,
2673 1,,西条,,34.3307133,132.9366142,2673 1,,0,,,,
2673 2,,西条,,34.3306385,132.936691,2673 2,,0,,,,
2674 1,,今井政之展示館前,,34.3277228,132.9319001,2674 1,,0,,,,
2674 2,,今井政之展示館前,,34.3275607,132.9319145,2674 2,,0,,,,
2675 1,,的場,,34.3266793,132.9229839,2675 1,,0,,,,
2675 2,,的場,,34.3274696,132.9221228,2675 2,,0,,,,
2676 1,,市営住宅,,34.3308858,132.9207901,2676 1,,0,,,,
2676 2,,市営住宅,,34.331428,132.9198346,2676 2,,0,,,,
2677 0,,竹原フェリー,,34.33276813,132.9168548,2677 0,,0,,,,
2677 1,,竹原フェリー,,34.3327675,132.9168918,2677 1,,0,,,,
2677 2,,竹原フェリー,,34.3329163,132.9167259,2677 2,,0,,,,
2677 4,,竹原フェリー,,34.3329052,132.9167346,2677 4,,0,,,,
2678 1,,大石,,34.3358584,132.9148148,2678 1,,0,,,,
2678 2,,大石,,34.3345624,132.9149531,2678 2,,0,,,,
2678 4,,大石,,34.3345471,132.9149614,2678 4,,0,,,,
2678 8,,大石,,34.335867762279153755732,132.914821535308726490587,2678 8,,0,,,,
2679 1,,礒宮八幡,,34.3415193,132.9133522,2679 1,,0,,,,
2679 8,,礒宮八幡,,34.341517132969929501502,132.9133547305303829854234,2679 8,,0,,,,
2680 1,,新港橋,,34.343242,132.9104559,2680 1,,0,,,,
2680 2,,新港橋,,34.3432469,132.9107498,2680 2,,0,,,,
2680 4,,新港橋,,34.3432536,132.9107646,2680 4,,0,,,,
2680 8,,新港橋,,34.343250230214124455800,132.910454890877942213525,2680 8,,0,,,,
2681 1,,本川通,,34.3421581,132.9087622,2681 1,,0,,,,
2681 2,,本川通,,34.342036,132.9088541,2681 2,,0,,,,
2681 4,,本川通,,34.3420432,132.9088683,2681 4,,0,,,,
2681 8,,本川通,,34.342150318185932433605,132.9087717486537485661590,2681 8,,0,,,,
2682 1,,小中一貫校忠海学園,,34.3375113,132.9968287,2682 1,,0,,,,
2682 2,,小中一貫校忠海学園,,34.3375467,132.9962213,2682 2,,0,,,,
2690 1,,帝人通,,34.4003428,133.0798402,2690 1,,0,,,,
2690 2,,帝人通,,34.4005263,133.0796367,2690 2,,0,,,,
2693 1,,円一北,,34.397615,133.0766649,2693 1,,0,,,,
2693 2,,円一北,,34.3975611,133.0765748,2693 2,,0,,,,
2694 1,,市役所・リージョンプラザ前,,34.3956324,133.0788392,2694 1,,0,,,,
2694 2,,市役所・リージョンプラザ前,,34.3967385,133.0782006,2694 2,,0,,,,
2695 1,,中央公民館前,,34.3948894,133.0785799,2695 1,,0,,,,
2695 2,,中央公民館前,,34.3950294,133.0784849,2695 2,,0,,,,
2696 1,,興生総合病院,,34.3931288,133.0779885,2696 1,,0,,,,
2696 2,,興生総合病院,,34.3937971,133.0780629,2696 2,,0,,,,
2697 1,,円一南,,34.3920826,133.0763755,2697 1,,0,,,,
2697 2,,円一南,,34.3922135,133.0763379,2697 2,,0,,,,
2735 1,,徳良,,34.5429708,132.9520804,2735 1,,0,,,,
2735 2,,徳良,,34.5430023,132.952133,2735 2,,0,,,,
2740 1,,雇用促進住宅下,,34.385588,133.070334,2740 1,,0,,,,
2740 2,,雇用促進住宅下,,34.3857718,133.0699658,2740 2,,0,,,,
2741 1,,三原大橋入口,,34.3857039,133.0667599,2741 1,,0,,,,
2741 2,,三原大橋入口,,34.3857924,133.0663471,2741 2,,0,,,,
2742 1,,田野浦小学校前,,34.3857627,133.0635081,2742 1,,0,,,,
2742 2,,田野浦小学校前,,34.3858712,133.0633244,2742 2,,0,,,,
2743 1,,県営住宅前,,34.3880436,133.0569329,2743 1,,0,,,,
2743 2,,県営住宅前,,34.3881236,133.0558502,2743 2,,0,,,,
2744 1,,明神,,34.389811,133.0511546,2744 1,,0,,,,
2744 2,,明神,,34.3898527,133.0512312,2744 2,,0,,,,
2745 1,,江の浦,,34.3915942,133.0440369,2745 1,,0,,,,
2745 2,,江の浦,,34.3916992,133.0440262,2745 2,,0,,,,
2746 1,,汐越橋,,34.391432,133.0423745,2746 1,,0,,,,
2746 2,,汐越橋,,34.3915885,133.0425505,2746 2,,0,,,,
2747 1,,両名住宅前,,34.3877061,133.0374954,2747 1,,0,,,,
2747 2,,両名住宅前,,34.3879688,133.0376655,2747 2,,0,,,,
2748 1,,両名,,34.3858938,133.0353782,2748 1,,0,,,,
2748 2,,両名,,34.3859665,133.0352795,2748 2,,0,,,,
2749 1,,片島,,34.3838955,133.0214693,2749 1,,0,,,,
2749 2,,片島,,34.3843754,133.022518,2749 2,,0,,,,
2750 1,,昭和橋,,34.3823924,133.017002,2750 1,,0,,,,
2750 2,,昭和橋,,34.3825529,133.0173855,2750 2,,0,,,,
2751 1,,見初橋,,34.3821802,133.0103739,2751 1,,0,,,,
2751 2,,見初橋,,34.3823672,133.0100568,2751 2,,0,,,,
2753 1,,生田橋南,,34.3793331,133.0038247,2753 1,,0,,,,
2753 2,,生田橋南,,34.3791748,133.0039723,2753 2,,0,,,,
2754 1,,玉城口,,34.3780876,133.001731,2754 1,,0,,,,
2754 2,,玉城口,,34.3779925,133.0017835,2754 2,,0,,,,
2755 1,,秋重,,34.3770714,132.9993161,2755 1,,0,,,,
2755 2,,秋重,,34.3767878,132.9989359,2755 2,,0,,,,
2756 1,,垣井,,34.3739601,132.9957172,2756 1,,0,,,,
2756 2,,垣井,,34.373896,132.9958577,2756 2,,0,,,,
2757 1,,小泉小学校,,34.3704388,132.9891655,2757 1,,0,,,,
2757 2,,小泉小学校,,34.3703504,132.9890544,2757 2,,0,,,,
2758 1,,小泉病院前,,34.3701203,132.9833562,2758 1,,0,,,,
2758 2,,小泉病院前,,34.3699438,132.983378,2758 2,,0,,,,
2759 1,,関屋橋,,34.3697793,132.9797522,2759 1,,0,,,,
2759 2,,関屋橋,,34.3697725,132.9789606,2759 2,,0,,,,
2760 1,,甲原橋,,34.3698491,132.9753999,2760 1,,0,,,,
2760 2,,甲原橋,,34.3697923,132.9759387,2760 2,,0,,,,
2761 1,,支援学校入口,,34.3726159,132.9746078,2761 1,,0,,,,
2761 2,,支援学校入口,,34.3721856,132.9746292,2761 2,,0,,,,
2770 1,,西港町,,34.4002194,133.0752429,2770 1,,0,,,,
2770 2,,西港町,,34.4003154,133.0752027,2770 2,,0,,,,
2771 1,,三番町,,34.4004008,133.071082,2771 1,,0,,,,
2771 2,,三番町,,34.4005421,133.0717998,2771 2,,0,,,,
2771 3,,三番町,,34.4009502,133.072338,2771 3,,0,,,,
2771 4,,三番町,,34.4009969,133.0724913,2771 4,,0,,,,
2772 1,,芸術文化センター医師会病院入口,,34.4001024,133.0680065,2772 1,,0,,,,
2772 2,,芸術文化センター医師会病院入口,,34.4001718,133.0678318,2772 2,,0,,,,
2772 3,,芸術文化センター医師会病院入口,,34.4004281,133.0673268,2772 3,,0,,,,
2772 4,,芸術文化センター医師会病院入口,,34.4005304,133.0671639,2772 4,,0,,,,
2773 1,,宮浦東,,34.3979974,133.0660323,2773 1,,0,,,,
2773 2,,宮浦東,,34.3982389,133.0661662,2773 2,,0,,,,
2774 1,,宮浦中央,,34.3970959,133.0647037,2774 1,,0,,,,
2774 2,,宮浦中央,,34.3973838,133.0649024,2774 2,,0,,,,
2775 1,,宮浦南,,34.3957282,133.0647841,2775 1,,0,,,,
2775 2,,宮浦南,,34.3956327,133.0646165,2775 2,,0,,,,
2779 1,,宗郷町,,34.3854976,133.0606397,2779 1,,0,,,,
2779 2,,宗郷町,,34.385615,133.0607371,2779 2,,0,,,,
2780 1,,労金団地,,34.3849361,133.0577784,2780 1,,0,,,,
2780 2,,労金団地,,34.3850179,133.0568065,2780 2,,0,,,,
2781 1,,明神南,,34.3851266,133.0538654,2781 1,,0,,,,
2781 2,,明神南,,34.3851578,133.05474,2781 2,,0,,,,
2782 1,,きぼう作業所前,,34.3838871,133.0499357,2782 1,,0,,,,
2782 2,,きぼう作業所前,,34.384091,133.0499682,2782 2,,0,,,,
2783 1,,田野浦市営住宅,,34.3821585,133.0476748,2783 1,,0,,,,
2783 2,,田野浦市営住宅,,34.382284,133.0477119,2783 2,,0,,,,
2784 1,,第三団地入口,,34.381276,133.0456631,2784 1,,0,,,,
2784 2,,第三団地入口,,34.3813658,133.0456326,2784 2,,0,,,,
2785 1,,青葉台入口,,34.379502,133.0429222,2785 1,,0,,,,
2785 2,,青葉台入口,,34.3795869,133.0429536,2785 2,,0,,,,
2786 1,,青葉台下,,34.3800117,133.041297,2786 1,,0,,,,
2786 2,,青葉台下,,34.3800342,133.0413805,2786 2,,0,,,,
2787 0,,青葉台,,34.3809296,133.0408711,2787 0,,0,,,,
2787 2,,青葉台,,34.3809568,133.0409644,2787 2,,0,,,,
2790 1,,商工会議所前,,34.3948219,133.0698221,2790 1,,0,,,,
2791 1,,三原警察,,34.3927033,133.0674513,2791 1,,0,,,,
2791 2,,三原警察,,34.3938698,133.0662533,2791 2,,0,,,,
2791 3,,三原警察,,34.3932365,133.0664136,2791 3,,0,,,,
2791 4,,三原警察,,34.3926478,133.0672389,2791 4,,0,,,,
2792 1,,皆実上住宅,,34.3908267,133.0611684,2792 1,,0,,,,
2792 2,,皆実上住宅,,34.3902272,133.059421,2792 2,,0,,,,
2793 1,,新倉,,34.3905776,133.0526306,2793 1,,0,,,,
2793 2,,新倉,,34.3900163,133.054063,2793 2,,0,,,,
2794 1,,木の浜,,34.3940469,133.0494712,2794 1,,0,,,,
2794 2,,木の浜,,34.3935646,133.050765,2794 2,,0,,,,
2795 1,,新橋,,34.3928739,133.0417674,2795 1,,0,,,,
2795 2,,新橋,,34.393016,133.0420005,2795 2,,0,,,,
2796 1,,七宝橋,,34.3945633,133.0353451,2796 1,,0,,,,
2796 2,,七宝橋,,34.3944111,133.0363933,2796 2,,0,,,,
2797 1,,人権文化センター前,,34.3960481,133.0312143,2797 1,,0,,,,
2797 2,,人権文化センター前,,34.395637,133.032731,2797 2,,0,,,,
2798 1,,長谷,,34.3972191,133.0283343,2798 1,,0,,,,
2798 2,,長谷,,34.397393,133.0282469,2798 2,,0,,,,
2799 1,,長谷橋,,34.398754,133.0218923,2799 1,,0,,,,
2799 2,,長谷橋,,34.3987783,133.0226152,2799 2,,0,,,,
2800 1,,木々津,,34.4061431,133.0085514,2800 1,,0,,,,
2800 2,,木々津,,34.4062408,133.0073043,2800 2,,0,,,,
2801 2,,三太刀,,34.4038357,132.9993282,2801 2,,0,,,,
2802 1,,小原大橋,,34.4060436,132.9918292,2802 1,,0,,,,
2802 2,,小原大橋,,34.406085,132.991643,2802 2,,0,,,,
2803 1,,佛通寺踏切,,34.4085763,132.9916595,2803 1,,0,,,,
2803 2,,佛通寺踏切,,34.4084838,132.9916517,2803 2,,0,,,,
2804 0,,本郷駅前,,34.4096589,132.9871705,2804 0,,0,,,,
2804 2,,本郷駅前,,34.409654,132.9871631,2804 2,,0,,,,2
2813 1,,ショージ本郷店前,,34.4056831,132.9993512,2813 1,,0,,,,
2813 2,,ショージ本郷店前,,34.405701,132.9994683,2813 2,,0,,,,
2814 1,,本郷南三丁目,,34.4059512,132.9962391,2814 1,,0,,,,
2814 2,,本郷南三丁目,,34.406027,132.9960415,2814 2,,0,,,,
2815 1,,本市,,34.3967937,133.021446,2815 1,,0,,,,
2815 2,,本市,,34.3962253,133.0212027,2815 2,,0,,,,
2816 1,,沼田東団地入口,,34.3911552,133.0218009,2816 1,,0,,,,
2816 2,,沼田東団地入口,,34.3912561,133.0216987,2816 2,,0,,,,
2817 1,,団地下,,34.391081,133.0162686,2817 1,,0,,,,
2817 2,,団地下,,34.3911992,133.0162687,2817 2,,0,,,,
2818 1,,沼田東団地,,34.3912609,133.01242,2818 1,,0,,,,
2818 2,,沼田東団地,,34.3913023,133.0127602,2818 2,,0,,,,
2819 2,,沼田東団地上,,34.3912916,133.0098138,2819 2,,0,,,,
2821 1,,本郷支所前,,34.4064946,132.9851145,2821 1,,0,,,,
2821 2,,本郷支所前,,34.4066077,132.9851991,2821 2,,0,,,,
2822 1,,本郷橋,,34.4096365,132.9816348,2822 1,,0,,,,
2822 2,,本郷橋,,34.4096968,132.9817815,2822 2,,0,,,,
2823 1,,原市,,34.4084749,132.9776093,2823 1,,0,,,,
2823 2,,原市,,34.4087344,132.9779807,2823 2,,0,,,,
2824 1,,本郷中央病院,,34.4069391,132.9742424,2824 1,,0,,,,
2824 2,,本郷中央病院,,34.4074739,132.974866,2824 2,,0,,,,
2825 1,,マックスバリュー本郷店前,,34.4055993,132.9740858,2825 1,,0,,,,
2825 2,,マックスバリュー本郷店前,,34.4053836,132.9741073,2825 2,,0,,,,
2863 1,,小泉企業団地,,34.3754073,132.9764437,2863 1,,0,,,,
2863 2,,小泉企業団地,,34.3754407,132.9763562,2863 2,,0,,,,
2864 1,,惣定工業団地,,34.3835161,132.9818706,2864 1,,0,,,,
2864 2,,惣定工業団地,,34.3843596,132.9827106,2864 2,,0,,,,
2865 1,,あやめヶ丘北,,34.3871748,132.9879724,2865 1,,0,,,,
2865 2,,あやめヶ丘北,,34.387235,132.9879188,2865 2,,0,,,,
2866 3,,小原中央,,34.39404,132.9889963,2866 3,,0,,,,
2866 4,,小原中央,,34.3939763,132.9890009,2866 4,,0,,,,
2881 1,,宮浦公園入口,,34.4014937,133.0712546,2881 1,,0,,,,
2881 2,,宮浦公園入口,,34.4019966,133.0704463,2881 2,,0,,,,
2882 1,,西小学校入口,,34.402133,133.0682313,2882 1,,0,,,,
2882 2,,西小学校入口,,34.4022399,133.0683494,2882 2,,0,,,,
2886 1,,宮浦中央西,,34.3957025,133.0625686,2886 1,,0,,,,
2886 2,,宮浦中央西,,34.395619,133.0622486,2886 2,,0,,,,
2887 1,,宮浦西,,34.3949171,133.0613845,2887 1,,0,,,,
2887 2,,宮浦西,,34.3948197,133.0610343,2887 2,,0,,,,
2888 1,,宮浦中学グランド前,,34.3936922,133.0595272,2888 1,,0,,,,
2888 2,,宮浦中学グランド前,,34.3930856,133.0583776,2888 2,,0,,,,
2897 1,,生田橋北,,34.3804334,133.0038505,2897 1,,0,,,,
2897 2,,生田橋北,,34.3805823,133.0038204,2897 2,,0,,,,
2898 1,,惣定下,,34.3824255,132.9995028,2898 1,,0,,,,
2898 2,,惣定下,,34.3825264,132.9994674,2898 2,,0,,,,
2899 1,,惣定団地入口,,34.3822266,132.9973942,2899 1,,0,,,,
2899 2,,惣定団地入口,,34.3823158,132.997368,2899 2,,0,,,,
2900 1,,沼泉会館,,34.3818916,132.9951851,2900 1,,0,,,,
2900 2,,沼泉会館,,34.3819503,132.9952223,2900 2,,0,,,,
2901 1,,惣定中,,34.3820347,132.9926484,2901 1,,0,,,,
2901 2,,惣定中,,34.3821257,132.9926518,2901 2,,0,,,,
2902 1,,あやめヶ丘,,34.3851094,132.9888895,2902 1,,0,,,,
2902 2,,あやめヶ丘,,34.3851698,132.9890047,2902 2,,0,,,,
2904 1,,小原工業団地,,34.3905217,132.9906492,2904 1,,0,,,,
2904 2,,小原工業団地,,34.3909043,132.9902755,2904 2,,0,,,,
2905 1,,沼田西小前,,34.3940509,132.9844833,2905 1,,0,,,,
2905 2,,沼田西小前,,34.3937656,132.9840237,2905 2,,0,,,,
2906 1,,松江中,,34.3972913,132.9812417,2906 1,,0,,,,
2906 2,,松江中,,34.3972764,132.9811189,2906 2,,0,,,,
2907 1,,松江下,,34.4006521,132.9800774,2907 1,,0,,,,
2907 2,,松江下,,34.400898,132.9797899,2907 2,,0,,,,
2908 1,,松江団地,,34.4019145,132.9769421,2908 1,,0,,,,
2908 2,,松江団地,,34.4018515,132.9769608,2908 2,,0,,,,
2909 1,,才崎東,,34.4029287,132.9751868,2909 1,,0,,,,
2909 2,,才崎東,,34.4028653,132.9751851,2909 2,,0,,,,
2910 1,,才崎西,,34.4032219,132.9727105,2910 1,,0,,,,
2910 2,,才崎西,,34.4031589,132.9727097,2910 2,,0,,,,
2950 2,,駅西口,,34.4010113,133.0800937,2950 2,,0,,,,
2951 1,,本町,,34.4013523,133.0780387,2951 1,,0,,,,
2951 2,,本町,,34.4009531,133.0775421,2951 2,,0,,,,
2952 1,,中橋,,34.4019924,133.0763292,2952 1,,0,,,,
2952 2,,中橋,,34.402034,133.0763379,2952 2,,0,,,,
2953 1,,大善寺小路,,34.4021107,133.0754959,2953 1,,0,,,,
2953 2,,大善寺小路,,34.4021598,133.0755504,2953 2,,0,,,,
2954 1,,順勝寺下,,34.4023278,133.0739954,2954 1,,0,,,,
2954 2,,順勝寺下,,34.4023821,133.0740074,2954 2,,0,,,,
2955 1,,西宮,,34.4022893,133.0722064,2955 1,,0,,,,
2955 2,,西宮,,34.4022346,133.0717039,2955 2,,0,,,,
2956 1,,法常寺下,,34.4029192,133.0691156,2956 1,,0,,,,
2956 2,,法常寺下,,34.4029583,133.0691645,2956 2,,0,,,,
2957 1,,西小前,,34.4035255,133.0661492,2957 1,,0,,,,
2957 2,,西小前,,34.4034908,133.0670767,2957 2,,0,,,,
2958 1,,梅観橋,,34.4035133,133.0633538,2958 1,,0,,,,
2958 2,,梅観橋,,34.4035731,133.0635281,2958 2,,0,,,,
2959 1,,西野,,34.404807,133.0606617,2959 1,,0,,,,
2959 2,,西野,,34.4047654,133.0605544,2959 2,,0,,,,
2959 3,,西野,,34.405502,133.0593515,2959 3,,0,,,,
2959 4,,西野,,34.4056375,133.0592998,2959 4,,0,,,,
2959 5,,西野,,34.4058583,133.0605795,2959 5,,0,,,,
2959 6,,西野,,34.4058874,133.0607192,2959 6,,0,,,,
2960 1,,紅梅,,34.4074811,133.0609729,2960 1,,0,,,,
2960 2,,紅梅,,34.4075956,133.0611752,2960 2,,0,,,,
2960 3,,紅梅,,34.4065866,133.0578971,2960 3,,0,,,,
2960 4,,紅梅,,34.4065954,133.0579932,2960 4,,0,,,,
2961 1,,小西公民館前,,34.4098101,133.0610732,2961 1,,0,,,,
2961 2,,小西公民館前,,34.4099152,133.0611865,2961 2,,0,,,,
2962 2,,小西北住宅前,,34.4133081,133.0604653,2962 2,,0,,,,
2963 1,,梅林,,34.4026547,133.0601138,2963 1,,0,,,,
2963 2,,梅林,,34.4027403,133.0600366,2963 2,,0,,,,
2964 1,,頼兼,,34.4004807,133.0594002,2964 1,,0,,,,
2964 2,,頼兼,,34.4005654,133.0593129,2964 2,,0,,,,
2965 1,,宮浦交番前,,34.3983696,133.0603821,2965 1,,0,,,,
2965 2,,宮浦交番前,,34.3980764,133.0606862,2965 2,,0,,,,
2966 1,,学園北通り,,34.3960436,133.0593595,2966 1,,0,,,,
2966 2,,学園北通り,,34.3961155,133.0593444,2966 2,,0,,,,
2967 1,,宮浦中学前,,34.3951674,133.0578114,2967 1,,0,,,,
2967 2,,宮浦中学前,,34.3950213,133.0575314,2967 2,,0,,,,
2968 1,,新倉ハイツ,,34.3928225,133.0561216,2968 1,,0,,,,
2968 2,,新倉ハイツ,,34.3929057,133.0561584,2968 2,,0,,,,
2969 0,,県立広島大学,,34.390976,133.0561699,2969 0,,0,,,,
2969 1,,県立広島大学,,34.3909763,133.0561681,2969 1,,0,,,,
2970 1,,浄水場前,,34.4025555,133.0660673,2970 1,,0,,,,
2970 2,,浄水場前,,34.4023876,133.0669788,2970 2,,0,,,,
2971 1,,大西公民館前,,34.408713,133.0557205,2971 1,,0,,,,
2971 2,,大西公民館前,,34.4085322,133.0561921,2971 2,,0,,,,
2972 1,,大西,,34.4107996,133.0529848,2972 1,,0,,,,
2972 2,,大西,,34.4108841,133.0530325,2972 2,,0,,,,
2973 1,,沼田,,34.4128498,133.0425575,2973 1,,0,,,,
2973 2,,沼田,,34.4128984,133.042548,2973 2,,0,,,,
2974 1,,京覧カントリー前,,34.4176591,133.0296585,2974 1,,0,,,,
2974 2,,京覧カントリー前,,34.4177172,133.0296123,2974 2,,0,,,,
2975 0,,竹ノ橋,,34.4198916,133.0173215,2975 0,,0,,,,
2975 1,,竹ノ橋,,34.4198908,133.0173207,2975 1,,0,,,,
2975 2,,竹ノ橋,,34.4198857,133.0174066,2975 2,,0,,,,
2976 1,,大長寺,,34.4233784,133.0166767,2976 1,,0,,,,
2976 2,,大長寺,,34.4234062,133.0167796,2976 2,,0,,,,
2977 1,,大池,,34.4282256,133.0135734,2977 1,,0,,,,
2977 2,,大池,,34.4283126,133.0136329,2977 2,,0,,,,
2978 1,,真行峠,,34.4307762,133.0096891,2978 1,,0,,,,
2978 2,,真行峠,,34.430863,133.009789,2978 2,,0,,,,
2979 1,,福泉寺,,34.4348286,133.0053022,2979 1,,0,,,,
2979 2,,福泉寺,,34.4352342,133.0049382,2979 2,,0,,,,
2980 0,,真良,,34.4355853,133.0021898,2980 0,,0,,,,
2980 1,,真良,,34.4355853,133.0021886,2980 1,,0,,,,
2980 2,,真良,,34.435534,133.0030722,2980 2,,0,,,,
2980 3,,真良,,34.4362255,133.0028551,2980 3,,0,,,,
2981 1,,高坂保育所前,,34.4345719,133.0007975,2981 1,,0,,,,
2981 2,,高坂保育所前,,34.4345429,133.0005858,2981 2,,0,,,,
2982 1,,高坂公民館前,,34.4329954,132.9986533,2982 1,,0,,,,
2982 2,,高坂公民館前,,34.4334549,132.999108,2982 2,,0,,,,
2983 1,,四ツ堂,,34.4317672,132.9970696,2983 1,,0,,,,
2983 2,,四ツ堂,,34.4324127,132.9976647,2983 2,,0,,,,
2984 1,,堂,,34.4282455,132.9936667,2984 1,,0,,,,
2984 2,,堂,,34.4281422,132.9935016,2984 2,,0,,,,
2985 1,,馬橋,,34.4236521,132.9910872,2985 1,,0,,,,
2985 2,,馬橋,,34.4237169,132.9910456,2985 2,,0,,,,
2986 1,,下ニ,,34.4205219,132.9899606,2986 1,,0,,,,
2986 2,,下ニ,,34.4205839,132.9898285,2986 2,,0,,,,
2987 1,,香積寺入口,,34.4151971,132.9898884,2987 1,,0,,,,
2987 2,,香積寺入口,,34.4151357,132.9898273,2987 2,,0,,,,
2988 1,,河崎橋,,34.4114581,132.9915051,2988 1,,0,,,,
2988 2,,河崎橋,,34.411405,132.9913695,2988 2,,0,,,,
2990 1,,馬場橋,,34.4169924,133.0175133,2990 1,,0,,,,
2990 2,,馬場橋,,34.417071,133.0175848,2990 2,,0,,,,
2991 1,,沼北小学校前,,34.4125832,133.0178758,2991 1,,0,,,,
2991 2,,沼北小学校前,,34.412503,133.0180227,2991 2,,0,,,,
2992 1,,神社下,,34.4096213,133.0186279,2992 1,,0,,,,
2992 2,,神社下,,34.4095834,133.018707,2992 2,,0,,,,
2993 1,,大板,,34.4047492,133.0194779,2993 1,,0,,,,
2993 2,,大板,,34.4049211,133.0195429,2993 2,,0,,,,
2994 1,,荻路,,34.3989875,133.0232334,2994 1,,0,,,,
2994 2,,荻路,,34.3990734,133.0232011,2994 2,,0,,,,
2995 1,,塔之橋,,34.4453488,133.0091748,2995 1,,0,,,,
2995 2,,塔之橋,,34.4452874,133.0092277,2995 2,,0,,,,
2996 1,,御宮前,,34.4480693,133.0134152,2996 1,,0,,,,
2996 2,,御宮前,,34.4480196,133.0134945,2996 2,,0,,,,
2997 1,,休養村入口,,34.4518759,133.0190545,2997 1,,0,,,,
2997 2,,休養村入口,,34.4518217,133.0190202,2997 2,,0,,,,
2998 1,,白馬橋,,34.4520242,133.0212781,2998 1,,0,,,,
2998 2,,白馬橋,,34.4519791,133.021262,2998 2,,0,,,,
2999 2,,仏通寺,,34.4541859,133.0250805,2999 2,,0,,,,
3001 0,,河内駅前,,34.469441,132.88995,3001 0,,0,,,,
3001 1,,河内駅前,,34.4694532,132.8899568,3001 1,,0,,,,
3002 1,,河内支所前,,34.4717482,132.8890219,3002 1,,0,,,,
3002 2,,河内支所前,,34.4717212,132.8891103,3002 2,,0,,,,
3003 1,,深山通入口,,34.4745053,132.891457,3003 1,,0,,,,
3003 2,,深山通入口,,34.4744549,132.8915382,3003 2,,0,,,,
3004 1,,深山口,,34.47740227,132.8942834,3004 1,,0,,,,
3004 2,,深山口,,34.4773481,132.8943666,3004 2,,0,,,,
3005 1,,変電所前,,34.4807123,132.8973147,3005 1,,0,,,,
3005 2,,変電所前,,34.4806808,132.8973889,3005 2,,0,,,,
3006 1,,三本松,,34.4860657,132.8998881,3006 1,,0,,,,
3006 2,,三本松,,34.4860601,132.899969,3006 2,,0,,,,
3007 1,,椋梨ダム,,34.5024692,132.8901081,3007 1,,0,,,,
3007 2,,椋梨ダム,,34.5025052,132.8902255,3007 2,,0,,,,
3008 1,,小田橋,,34.505935,132.8886454,3008 1,,0,,,,1
3008 2,,小田橋,,34.5058435,132.8887142,3008 2,,0,,,,2
3009 1,,箱川,,34.5074621,132.8980349,3009 1,,0,,,,
3009 2,,箱川,,34.5073929,132.8980136,3009 2,,0,,,,
3010 1,,青少年センター,,34.5062831,132.9052479,3010 1,,0,,,,
3010 2,,青少年センター,,34.5061985,132.9052565,3010 2,,0,,,,
3011 1,,和木原,,34.5099835,132.9187836,3011 1,,0,,,,
3011 2,,和木原,,34.5098805,132.9188326,3011 2,,0,,,,
3012 1,,和木市,,34.5123157,132.9202231,3012 1,,0,,,,
3012 2,,和木市,,34.5126771,132.9206474,3012 2,,0,,,,
3013 1,,和木局,,34.5156183,132.9205477,3013 1,,0,,,,
3013 2,,和木局,,34.515615,132.9206454,3013 2,,0,,,,
3014 1,,今田,,34.5268154,132.9244744,3014 1,,0,,,,
3014 2,,今田,,34.5268577,132.9246228,3014 2,,0,,,,
3015 1,,大和中学校,,34.5320594,132.9228902,3015 1,,0,,,,
3015 2,,大和中学校,,34.5320887,132.9230536,3015 2,,0,,,,
3016 1,,大具,,34.5358005,132.919263,3016 1,,0,,,,
3016 2,,大具,,34.5353671,132.9196755,3016 2,,0,,,,
3017 1,,深見,,34.5392681,132.9239906,3017 1,,0,,,,
3017 2,,深見,,34.5391734,132.9240336,3017 2,,0,,,,
3018 1,,末貞,,34.5398932,132.9332763,3018 1,,0,,,,
3018 2,,末貞,,34.5398025,132.9332942,3018 2,,0,,,,
3019 1,,安田口,,34.540641,132.9382112,3019 1,,0,,,,
3019 2,,安田口,,34.5405253,132.9382358,3019 2,,0,,,,
3020 1,,浄楽寺,,34.5428773,132.9468764,3020 1,,0,,,,
3020 2,,浄楽寺,,34.5427832,132.946901,3020 2,,0,,,,
3021 1,,大和支所,,34.5424359,132.9506545,3021 1,,0,,,,
3021 2,,大和支所,,34.5423714,132.9506526,3021 2,,0,,,,
3023 1,,芸陽車庫,,34.5440196,132.9509571,3023 1,,0,,,,
3023 2,,芸陽車庫,,34.5440472,132.9510351,3023 2,,0,,,,
3024 1,,大石,,34.5452201,132.950198,3024 1,,0,,,,
3024 2,,大石,,34.545265,132.9502942,3024 2,,0,,,,
3025 1,,古市南,,34.5528487,132.9490819,3025 1,,0,,,,
3025 2,,古市南,,34.5528472,132.94921,3025 2,,0,,,,
3026 1,,古市,,34.5550776,132.9489066,3026 1,,0,,,,
3026 2,,古市,,34.5550997,132.9490875,3026 2,,0,,,,
3027 1,,浄水場前,,34.5594908,132.9495795,3027 1,,0,,,,
3027 2,,浄水場前,,34.5586509,132.9492258,3027 2,,0,,,,
3028 1,,上萩原,,34.5622563,132.9506775,3028 1,,0,,,,
3028 2,,上萩原,,34.5621726,132.9507526,3028 2,,0,,,,
3029 1,,萩原,,34.5628302,132.953706,3029 1,,0,,,,
3029 2,,萩原,,34.5627581,132.9537657,3029 2,,0,,,,
3030 1,,下萩原,,34.5669272,132.9567789,3030 1,,0,,,,
3030 2,,下萩原,,34.5668864,132.9568808,3030 2,,0,,,,
3031 1,,新原,,34.5775512,132.9587998,3031 1,,0,,,,
3031 2,,新原,,34.5774694,132.9588583,3031 2,,0,,,,
3032 1,,花木,,34.5775097,132.9631107,3032 1,,0,,,,
3032 2,,花木,,34.577409,132.963106,3032 2,,0,,,,
3033 1,,賀茂西会館前,,34.5779662,132.9666203,3033 1,,0,,,,
3033 2,,賀茂西会館前,,34.5779093,132.9667493,3033 2,,0,,,,
3034 1,,仲行,,34.5818168,132.9694285,3034 1,,0,,,,
3034 2,,仲行,,34.5817096,132.9694339,3034 2,,0,,,,
3035 1,,陽谷,,34.5795249,132.9740305,3035 1,,0,,,,
3035 2,,陽谷,,34.579429,132.9739832,3035 2,,0,,,,
3036 1,,伽藍橋,,34.5760746,132.9815126,3036 1,,0,,,,
3036 2,,伽藍橋,,34.5759665,132.9814145,3036 2,,0,,,,
3037 1,,賀茂,,34.5773244,132.9886724,3037 1,,0,,,,
3037 2,,賀茂,,34.5772759,132.9885965,3037 2,,0,,,,
3038 1,,公民館,,34.576604,132.9909312,3038 1,,0,,,,
3038 2,,公民館,,34.5765325,132.9909605,3038 2,,0,,,,
3039 1,,重永建石,,34.5789945,132.9937943,3039 1,,0,,,,
3039 2,,重永建石,,34.5788904,132.9938396,3039 2,,0,,,,
3040 1,,重永盛田,,34.5803489,132.9986224,3040 1,,0,,,,
3040 2,,重永盛田,,34.5802652,132.9986993,3040 2,,0,,,,
3041 1,,重永,,34.5840914,133.0013673,3041 1,,0,,,,
3041 2,,重永,,34.5839902,133.0014905,3041 2,,0,,,,
3042 1,,中島,,34.5888094,133.002846,3042 1,,0,,,,
3042 2,,中島,,34.5887586,133.0031374,3042 2,,0,,,,
3043 1,,馬地橋,,34.5883393,133.0080133,3043 1,,0,,,,
3043 2,,馬地橋,,34.5882279,133.0080213,3043 2,,0,,,,
3044 1,,京丸,,34.5900799,133.0124415,3044 1,,0,,,,
3044 2,,京丸,,34.5899705,133.0124332,3044 2,,0,,,,
3045 1,,京丸会館,,34.5888221,133.0155517,3045 1,,0,,,,
3045 2,,京丸会館,,34.588732,133.0154809,3045 2,,0,,,,
3046 1,,堀越宮の下,,34.5850236,133.0195789,3046 1,,0,,,,
3046 2,,堀越宮の下,,34.5849102,133.019591,3046 2,,0,,,,
3047 1,,堀越,,34.5865041,133.0242963,3047 1,,0,,,,
3047 2,,堀越,,34.5861561,133.0238382,3047 2,,0,,,,
3048 1,,寺町中,,34.5849701,133.0330007,3048 1,,0,,,,
3048 2,,寺町中,,34.5848532,133.0328492,3048 2,,0,,,,
3049 1,,寺町,,34.585,133.0375985,3049 1,,0,,,,
3049 2,,寺町,,34.584867,133.037963,3049 2,,0,,,,
3050 1,,消防署,,34.5858145,133.0386694,3050 1,,0,,,,
3050 2,,消防署,,34.5858785,133.0388053,3050 2,,0,,,,
3051 1,,井折口,,34.587806,133.0399849,3051 1,,0,,,,
3051 2,,井折口,,34.5877384,133.0399871,3051 2,,0,,,,
3053 1,,世羅高校前,,34.5878546,133.0438688,3053 1,,0,,,,
3053 2,,世羅高校前,,34.587792,133.0438694,3053 2,,0,,,,
3054 1,,公立世羅中央病院,,34.5858401,133.0456752,3054 1,,0,,,,
3054 2,,公立世羅中央病院,,34.5858495,133.0456752,3054 2,,0,,,,
3055 1,,公立世羅中央病院南,,34.5853847,133.0460942,3055 1,,0,,,,
3055 2,,公立世羅中央病院南,,34.5853441,133.0464903,3055 2,,0,,,,
3056 1,,大田町,,34.5870302,133.0512583,3056 1,,0,,,,
3056 2,,大田町,,34.586967,133.0515259,3056 2,,0,,,,
3057 1,,本郷川口,,34.5872614,133.0545513,3057 1,,0,,,,
3057 2,,本郷川口,,34.5871034,133.0547753,3057 2,,0,,,,
3058 1,,世羅町役場,,34.5872623,133.0565925,3058 1,,0,,,,
3058 2,,世羅町役場,,34.5871543,133.0567602,3058 2,,0,,,,
3059 1,,世羅警察署南,,34.5883217,133.062151,3059 1,,0,,,,
3059 2,,世羅警察署南,,34.5882663,133.0626229,3059 2,,0,,,,
3060 0,,甲山バイパス東口,,34.5888306,133.0641199,3060 0,,0,,,,
3060 2,,甲山バイパス東口,,34.5886081,133.0638197,3060 2,,0,,,,
3110 1,,河内郵便局前,,34.4707983,132.8876422,3110 1,,0,,,,
3110 2,,河内郵便局前,,34.4708476,132.887711,3110 2,,0,,,,
3111 1,,滝の川,,34.4725888,132.8833378,3111 1,,0,,,,
3111 2,,滝の川,,34.473003,132.8832821,3111 2,,0,,,,
3112 1,,沼田川橋,,34.474188,132.8784607,3112 1,,0,,,,
3112 2,,沼田川橋,,34.4742651,132.8784727,3112 2,,0,,,,
3113 1,,中学校前,,34.4744631,132.8743623,3113 1,,0,,,,
3113 2,,中学校前,,34.4744508,132.8737289,3113 2,,0,,,,
3114 1,,寺沖橋,,34.4745062,132.8703991,3114 1,,0,,,,
3114 2,,寺沖橋,,34.4746013,132.870399,3114 2,,0,,,,
3115 1,,上河内東組,,34.476527,132.8687459,3115 1,,0,,,,
3115 2,,上河内東組,,34.4765627,132.8688192,3115 2,,0,,,,
3116 1,,草井橋,,34.4785276,132.8661018,3116 1,,0,,,,
3116 2,,草井橋,,34.47856832,132.8661857,3116 2,,0,,,,
3117 1,,登橋,,34.4812745,132.8629568,3117 1,,0,,,,
3117 2,,登橋,,34.481336,132.863048,3117 2,,0,,,,
3118 1,,上河内西組,,34.4844043,132.8578882,3118 1,,0,,,,
3118 2,,上河内西組,,34.4844976,132.8579844,3118 2,,0,,,,
3119 1,,下河戸,,34.4871914,132.8545063,3119 1,,0,,,,
3119 2,,下河戸,,34.4872552,132.8545652,3119 2,,0,,,,
3120 1,,柳峠下,,34.4888101,132.8501438,3120 1,,0,,,,
3120 2,,柳峠下,,34.4889259,132.850185,3120 2,,0,,,,
3121 1,,月の瀬橋,,34.4931249,132.8481887,3121 1,,0,,,,
3121 2,,月の瀬橋,,34.4931398,132.8483059,3121 2,,0,,,,
3122 1,,峠条,,34.4961039,132.8440727,3122 1,,0,,,,
3122 2,,峠条,,34.4962273,132.8440461,3122 2,,0,,,,
3123 1,,河戸,,34.496056,132.8386773,3123 1,,0,,,,
3123 2,,河戸,,34.4961628,132.8387008,3123 2,,0,,,,
3124 1,,三愛工業,,34.4978778,132.8332099,3124 1,,0,,,,
3124 2,,三愛工業,,34.4979801,132.8332526,3124 2,,0,,,,
3125 1,,上河戸,,34.4993937,132.8308704,3125 1,,0,,,,
3125 2,,上河戸,,34.4994559,132.8309065,3125 2,,0,,,,
3126 1,,出合宮,,34.5019386,132.8232856,3126 1,,0,,,,
3126 2,,出合宮,,34.5019374,132.8233762,3126 2,,0,,,,
3127 1,,助兼,,34.5062107,132.8175781,3127 1,,0,,,,
3127 2,,助兼,,34.5063106,132.8176134,3127 2,,0,,,,
3128 1,,下戸野,,34.5108495,132.8148509,3128 1,,0,,,,
3128 2,,下戸野,,34.5109143,132.8149017,3128 2,,0,,,,
3129 1,,戸野郵便局前,,34.5107143,132.8070938,3129 1,,0,,,,
3129 2,,戸野郵便局前,,34.5108001,132.8070498,3129 2,,0,,,,
3130 1,,戸野地域センター,,34.5095421,132.8041348,3130 1,,0,,,,
3130 2,,戸野地域センター,,34.5096231,132.804096,3130 2,,0,,,,
3131 1,,森政,,34.5131785,132.7990565,3131 1,,0,,,,
3131 2,,森政,,34.5127994,132.7992978,3131 2,,0,,,,
3132 1,,中戸野,,34.5166764,132.7949583,3132 1,,0,,,,
3132 2,,中戸野,,34.5167412,132.7949257,3132 2,,0,,,,
3133 1,,貞助,,34.5136022,132.7876859,3133 1,,0,,,,
3133 2,,貞助,,34.5136625,132.7876893,3133 2,,0,,,,
3201 3,,賀茂ボール前,,34.4138568,132.7525742,3201 3,,0,,,,
3201 4,,賀茂ボール前,,34.4138273,132.7524622,3201 4,,0,,,,
3202 3,,松賀中学校入口,,34.4118465,132.7535527,3202 3,,0,,,,
3202 4,,松賀中学校入口,,34.4118912,132.7533871,3202 4,,0,,,,
3203 3,,西条中央三丁目,,34.4157451,132.7425589,3203 3,,0,,,,
3203 4,,西条中央三丁目,,34.4156417,132.7436451,3203 4,,0,,,,
3204 3,,西条中央五丁目,,34.4135209,132.7401651,3204 3,,0,,,,
3204 4,,西条中央五丁目,,34.41383,132.7407163,3204 4,,0,,,,
3205 3,,西条中央六丁目,,34.4133503,132.7383889,3205 3,,0,,,,
3205 4,,西条中央六丁目,,34.413347,132.7385363,3205 4,,0,,,,
3206 3,,東広島市立中央図書館,,34.4162603,132.7360411,3206 3,,0,,,,
3206 4,,東広島市立中央図書館,,34.4162733,132.736163,3206 4,,0,,,,
3207 3,,三ツ城古墳前,,34.4176107,132.7351059,3207 3,,0,,,,
3207 4,,三ツ城古墳前,,34.4178576,132.7350749,3207 4,,0,,,,
3208 3,,西条中央七丁目,,34.4190701,132.7355121,3208 3,,0,,,,
3208 6,,西条中央七丁目,,34.419044,132.7356102,3208 6,,0,,,,
3209 3,,江熊西,,34.4191882,132.7373545,3209 3,,0,,,,
3209 4,,江熊西,,34.419117,132.7373025,3209 4,,0,,,,
3210 3,,浄福寺橋,,34.4202376,132.7524623,3210 3,,0,,,,
3210 4,,浄福寺橋,,34.4202433,132.7516444,3210 4,,0,,,,
3211 3,,みそのうにじいろ保育園前,,34.40732399,132.7545316,3211 3,,0,,,,
3211 4,,みそのうにじいろ保育園前,,34.4074278,132.7546566,3211 4,,0,,,,
3343 3,,新町中央,,34.3733997,132.5342445,3343 3,,0,,,,
3343 4,,新町中央,,34.3732912,132.5343067,3343 4,,0,,,,
3351 3,,砂走会館前,,34.3823201,132.5562819,3351 3,,0,,,,
3351 4,,砂走会館前,,34.3823588,132.5562256,3351 4,,0,,,,
3353 3,,海田東公民館前,,34.3740746,132.5497628,3353 3,,0,,,,
3353 4,,海田東公民館前,,34.3740404,132.5496907,3353 4,,0,,,,
3354 3,,町民センター前,,34.3722872,132.5487355,3354 3,,0,,,,
3354 4,,町民センター前,,34.3724262,132.5487466,3354 4,,0,,,,
3355 3,,寺迫会館前,,34.3714366,132.5520417,3355 3,,0,,,,
3355 4,,寺迫会館前,,34.3714392,132.5519911,3355 4,,0,,,,
3356 3,,金丸橋,,34.3688932,132.5531575,3356 3,,0,,,,
3356 4,,金丸橋,,34.3688539,132.5530885,3356 4,,0,,,,
3357 3,,東大橋,,34.3667334,132.5575188,3357 3,,0,,,,
3357 4,,東大橋,,34.3667522,132.5576469,3357 4,,0,,,,
3358 3,,栃木橋,,34.3678771,132.5597574,3358 3,,0,,,,
3358 4,,栃木橋,,34.3677703,132.5596338,3358 4,,0,,,,
3359 3,,キャンプ場入口,,34.3686986,132.5627603,3359 3,,0,,,,
3359 4,,キャンプ場入口,,34.3686341,132.5628017,3359 4,,0,,,,
3360 4,,海田総合公園,,34.3708944,132.5686121,3360 4,,0,,,,
3361 3,,東,,34.366331,132.5550799,3361 3,,0,,,,
3361 4,,東,,34.3662794,132.5554951,3361 4,,0,,,,
3364 3,,西自治会館前,,34.364772,132.5513316,3364 3,,0,,,,
3364 4,,西自治会館前,,34.3648377,132.5513031,3364 4,,0,,,,
3365 3,,三迫団地,,34.3652565,132.5494762,3365 3,,0,,,,
3365 4,,三迫団地,,34.3653371,132.5494608,3365 4,,0,,,,
3366 3,,海田南小学校入口,,34.3666134,132.5453394,3366 3,,0,,,,
3366 4,,海田南小学校入口,,34.3666245,132.5452207,3366 4,,0,,,,
3367 3,,町立図書館入口,,34.3652681,132.5436379,3367 3,,0,,,,
3367 4,,町立図書館入口,,34.3653414,132.5436087,3367 4,,0,,,,
3368 3,,南幸町,,34.363467,132.5408742,3368 3,,0,,,,
3368 4,,南幸町,,34.3637322,132.5413473,3368 4,,0,,,,
3369 3,,南本町,,34.3628868,132.5391411,3369 3,,0,,,,
3369 4,,南本町,,34.362799,132.5389879,3369 4,,0,,,,
3370 3,,南本町公園,,34.3620878,132.5378132,3370 3,,0,,,,
3370 4,,南本町公園,,34.3621384,132.537786,3370 4,,0,,,,
3371 3,,福祉センター前,,34.3644541,132.5382138,3371 3,,0,,,,
3371 4,,福祉センター前,,34.3643937,132.5382391,3371 4,,0,,,,
3373 3,,尾崎川,,34.3640032,132.5328037,3373 3,,0,,,,
3373 4,,尾崎川,,34.3641998,132.5328213,3373 4,,0,,,,
3375 3,,堀川町,,34.3686431,132.531418,3375 3,,0,,,,
3375 4,,堀川町,,34.3685157,132.5315382,3375 4,,0,,,,
3376 3,,三迫三丁目北,,34.3607906,132.5532018,3376 3,,0,,,,
3376 4,,三迫三丁目北,,34.360818,132.5531177,3376 4,,0,,,,
3377 3,,西中央橋,,34.359386,132.5531601,3377 3,,0,,,,
3377 4,,西中央橋,,34.3594119,132.553088,3377 4,,0,,,,
3378 4,,三迫三丁目,,34.3574778,132.5526858,3378 4,,0,,,,
3438 3,,新町,,34.3726206,132.5299066,3438 3,,0,,,,
3438 4,,新町,,34.3726818,132.529922,3438 4,,0,,,,
3439 3,,海田町役場東,,34.3744451,132.5318665,3439 3,,0,,,,
3439 4,,海田町役場東,,34.3744002,132.5318875,3439 4,,0,,,,
3440 3,,国信公園前,,34.3820959,132.5597444,3440 3,,0,,,,
3440 4,,国信公園前,,34.3821242,132.5596791,3440 4,,0,,,,
3441 4,,国信二丁目,,34.3808397,132.561237,3441 4,,0,,,,
3442 3,,ひまわりプラザ前,,34.3652262,132.5306242,3442 3,,0,,,,
3442 4,,ひまわりプラザ前,,34.3653169,132.530695,3442 4,,0,,,,
3443 4,,野球場前,,34.370619,132.5664139,3443 4,,0,,,,
3500 0,,ＪＲ瀬野駅北口,,34.422119642993161655898,132.5964606697200709058172,3500 0,,0,,,,
3500 1,,ＪＲ瀬野駅北口,,34.422119642993161655898,132.5964606697200709058172,3500 1,,0,,,,
3501 1,,ショージみどり坂店前,,34.424486036164891861776,132.595293990768988698038,3501 1,,0,,,,
3502 1,,みどり坂第一公園北,,34.425002696113038111384,132.5980937349042685789888,3502 1,,0,,,,
3503 1,,みどり中街,,34.427769016514597955126,132.5951938477452067163012,3503 1,,0,,,,
3504 1,,みどり坂小学校北,,34.428268881911085816574,132.5905608760741235073312,3504 1,,0,,,,
3505 1,,みどり坂中央公園西,,34.428735452472990802169,132.5879110754586027521592,3505 1,,0,,,,
3506 1,,みどり中央,,34.430651943973676216034,132.5895941806150455577652,3506 1,,0,,,,
3506 2,,みどり中央,,34.430301973245099698868,132.5891608989997044884164,3506 2,,0,,,,
3507 1,,瀬野西５丁目東,,34.433151715601604740946,132.5918272131153684222712,3507 1,,0,,,,
3508 1,,みどり坂第七公園前,,34.433251637653398452701,132.5880275239900164593500,3508 1,,0,,,,
3509 1,,瀬野西５丁目西,,34.432118392317310628030,132.5860944036371699702744,3509 1,,0,,,,
3510 0,,瀬野西５丁目南,,34.430901867992308669404,132.5868110667819353475056,3510 0,,0,,,,
3510 1,,瀬野西５丁目南,,34.430901867992308669404,132.5868110667819353475056,3510 1,,0,,,,
3511 2,,みどり坂中央公園西,,34.428835443693866387104,132.5880110621905248441982,3511 2,,0,,,,
3512 2,,みどり坂小学校北,,34.428385535248300573069,132.5905108758300915628660,3512 2,,0,,,,
3513 2,,みどり中街,,34.427952325832013600475,132.5949438607016058544990,3513 2,,0,,,,
3514 2,,みどり坂第一公園北,,34.424986033705755675865,132.5982270579381612779072,3514 2,,0,,,,
3515 2,,ショージみどり坂店前,,34.424402710261969558744,132.5952273340686540321226,3515 2,,0,,,,
7 3,,中央公園前,,34.4275462,132.7431731,7 3,,0,,,,1
7 4,,中央公園前,,34.4283454,132.7431506,7 4,,0,,,,2
8 3,,石ヶ瀬橋,,34.4232765,132.7412488,8 3,,0,,,,
8 4,,石ヶ瀬橋,,34.4233002,132.7409374,8 4,,0,,,,
9 3,,西条小学校前,,34.4210342,132.7395189,9 3,,0,,,,
9 4,,西条小学校前,,34.4209782,132.7391356,9 4,,0,,,,
0001,,広島バスセンター,,34.3961847,132.4564025,,,1,,,,
