stop_id,stop_code,stop_name,stop_desc,stop_lat,stop_lon,zone_id,stop_url,location_type,parent_station,stop_timezone,wheelchair_boarding,platform_code
40001 0,,西条駅,,34.4309131,132.74344,40001 0,,0,,,,
40001 1,,西条駅,,34.4306688,132.7436196,40001 1,,0,,,,7
40001 14,,西条駅,,34.4306205,132.743331,40001 14,,0,,,,4
40001 2,,西条駅,,34.4309115,132.7434365,40001 2,,0,,,,
40001 3,,西条駅,,34.4308846,132.7432744,40001 3,,0,,,,3
40001 4,,西条駅,,34.4306239,132.7433269,40001 4,,0,,,,4
40001 5,,西条駅,,34.4309336,132.7435893,40001 5,,0,,,,1
40001 7,,西条駅,,34.4305883,132.7431963,40001 7,,0,,,,1
40001 9,,西条駅,,34.4306133,132.7431648,40001 9,,0,,,,7
40002 0,,中央公園前,,34.4282682,132.743111,40002 0,,0,,,,2
40002 1,,中央公園前,,34.42798823,132.7424649,40002 1,,0,,,,1
40002 2,,中央公園前,,34.4282682,132.743113,40002 2,,0,,,,2
40002 3,,中央公園前,,34.4275045,132.7431163,40002 3,,0,,,,1
40002 4,,中央公園前,,34.4282678,132.7431137,40002 4,,0,,,,2
40002 5,,中央公園前,,34.42750496,132.7431149,40002 5,,0,,,,4
40002 7,,中央公園前,,34.4279549,132.7424649,40002 7,,0,,,,3
40002 8,,中央公園前,,34.4282677,132.7431117,40002 8,,0,,,,2
40002 9,,中央公園前,,34.4275053,132.7431151,40002 9,,0,,,,1
40003 0,,西条昭和町,,34.4256517,132.7421706,40003 0,,0,,,,
40003 1,,西条昭和町,,34.4251764,132.7422801,40003 1,,0,,,,
40003 13,,西条昭和町,,34.4251764,132.7422853,40003 13,,0,,,,
40003 14,,西条昭和町,,34.425652,132.7421699,40003 14,,0,,,,
40003 2,,西条昭和町,,34.4256522,132.7421706,40003 2,,0,,,,
40003 3,,西条昭和町,,34.4251775,132.7422825,40003 3,,0,,,,
40003 4,,西条昭和町,,34.4256518,132.7421705,40003 4,,0,,,,
40003 9,,西条昭和町,,34.4251773,132.7422845,40003 9,,0,,,,
40004 0,,石ヶ瀬橋,,34.4233384,132.7409321,40004 0,,0,,,,
40004 1,,石ヶ瀬橋,,34.42323872,132.7412153,40004 1,,0,,,,
40004 13,,石ヶ瀬橋,,34.4232387,132.7412153,40004 13,,0,,,,
40004 14,,石ヶ瀬橋,,34.4233395,132.7409308,40004 14,,0,,,,
40004 2,,石ヶ瀬橋,,34.4233387,132.7409319,40004 2,,0,,,,
40004 9,,石ヶ瀬橋,,34.4232391,132.7412155,40004 9,,0,,,,
40005 0,,西条小学校前,,34.42103892,132.7391322,40005 0,,0,,,,
40005 1,,西条小学校前,,34.42107225,132.7395488,40005 1,,0,,,,
40005 13,,西条小学校前,,34.4210723,132.7395488,40005 13,,0,,,,
40005 14,,西条小学校前,,34.4210457,132.7391304,40005 14,,0,,,,
40005 2,,西条小学校前,,34.42105558,132.7391322,40005 2,,0,,,,
40005 9,,西条小学校前,,34.4210718,132.7395485,40005 9,,0,,,,
40006 0,,江熊,,34.4178978,132.7380686,40006 0,,0,,,,
40006 1,,江熊,,34.4176725,132.7382671,40006 1,,0,,,,
40006 2,,江熊,,34.41788924,132.7380658,40006 2,,0,,,,
40006 9,,江熊,,34.4176731,132.738269,40006 9,,0,,,,
40007 0,,中央図書館前,,34.4153985,132.7365107,40007 0,,0,,,,
40007 1,,中央図書館前,,34.4149215,132.736483,40007 1,,0,,,,
40007 2,,中央図書館前,,34.41540614,132.736516,40007 2,,0,,,,
40007 9,,中央図書館前,,34.4149218,132.7364846,40007 9,,0,,,,
40008 1,,鏡山公園入口,,34.4079604,132.7287361,40008 1,,0,,,,
40008 2,,鏡山公園入口,,34.4084849,132.7309216,40008 2,,0,,,,
40009 1,,池ノ上学生宿舎前,,34.40629022,132.7232675,40009 1,,0,,,,
40009 2,,池ノ上学生宿舎前,,34.40629022,132.7232675,40009 2,,0,,,,
40010 1,,広大中央口,,34.4054406,132.7137177,40010 1,,0,,,,2
40010 5,,広大中央口,,34.40544014,132.7137184,40010 5,,0,,,,3
40010 7,,広大中央口,,34.40544014,132.7137184,40010 7,,0,,,,3
40011 1,,広大北口,,34.4056762,132.7110832,40011 1,,0,,,,
40011 5,,広大北口,,34.4056774,132.7110811,40011 5,,0,,,,
40011 7,,広大北口,,34.4056769,132.7110825,40011 7,,0,,,,
40012 1,,広大二神口,,34.4025237,132.7085023,40012 1,,0,,,,
40012 3,,広大二神口,,34.40257369,132.7084689,40012 3,,0,,,,
40012 5,,広大二神口,,34.40259036,132.7085023,40012 5,,0,,,,
40012 7,,広大二神口,,34.40255703,132.7085189,40012 7,,0,,,,
40013 1,,広大西口,,34.3991557,132.7089734,40013 1,,0,,,,
40013 2,,広大西口,,34.3990202,132.7088905,40013 2,,0,,,,
40013 3,,広大西口,,34.3991558,132.7089721,40013 3,,0,,,,
40013 5,,広大西口,,34.3991451,132.7089778,40013 5,,0,,,,
40013 7,,広大西口,,34.3991603,132.7089715,40013 7,,0,,,,
40014 1,,大学会館前,,34.39775763,132.7134687,40014 1,,0,,,,1
40014 5,,大学会館前,,34.39770764,132.7139354,40014 5,,0,,,,2
40014 7,,大学会館前,,34.39770764,132.7139187,40014 7,,0,,,,2
40015 1,,ががら口,,34.39804098,132.7164851,40015 1,,0,,,,
40015 5,,ががら口,,34.39804098,132.7164851,40015 5,,0,,,,
40015 7,,ががら口,,34.39805765,132.7164851,40015 7,,0,,,,
40016 1,,広大東口,,34.40067403,132.7164184,40016 1,,0,,,,
40016 5,,広大東口,,34.40065737,132.7164517,40016 5,,0,,,,
40016 7,,広大東口,,34.40067403,132.7164184,40016 7,,0,,,,
40017 0,,山中池,,34.40452363,132.7169681,40017 0,,0,,,,
40017 1,,山中池,,34.40450696,132.7169515,40017 1,,0,,,,
40017 5,,山中池,,34.4044903,132.7169348,40017 5,,0,,,,
40017 7,,山中池,,34.40450697,132.7169681,40017 7,,0,,,,
40018 1,,八本松駅,,34.44533545,132.6894352,40018 1,,0,,,,2
40018 2,,八本松駅,,34.44526878,132.6888519,40018 2,,0,,,,
40019 1,,上曽場,,34.4429869,132.6910368,40019 1,,0,,,,
40019 2,,上曽場,,34.4429446,132.6909939,40019 2,,0,,,,
40020 1,,中学校前,,34.44100264,132.6925518,40020 1,,0,,,,
40020 2,,中学校前,,34.4407201,132.6925662,40020 2,,0,,,,
40021 1,,日興団地入口,,34.4347356,132.6932871,40021 1,,0,,,,
40021 2,,日興団地入口,,34.4355899,132.6931703,40021 2,,0,,,,
40022 1,,記念橋,,34.43048709,132.6924523,40022 1,,0,,,,
40022 2,,記念橋,,34.4303871,132.6924023,40022 2,,0,,,,
40023 1,,宮西,,34.4253226,132.6940297,40023 1,,0,,,,
40023 2,,宮西,,34.4249542,132.6939733,40023 2,,0,,,,
40024 1,,宮の前,,34.4209958,132.6955611,40024 1,,0,,,,
40024 2,,宮の前,,34.4209494,132.6954887,40024 2,,0,,,,
40025 1,,農業技術センター前,,34.4197392,132.6974637,40025 1,,0,,,,
40025 2,,農業技術センター前,,34.41968833,132.6973691,40025 2,,0,,,,
40026 1,,下原,,34.4160692,132.6989189,40026 1,,0,,,,
40026 2,,下原,,34.4159215,132.6989377,40026 2,,0,,,,
40027 1,,千野丸,,34.4144179,132.7043366,40027 1,,0,,,,
40027 2,,千野丸,,34.4144869,132.7042018,40027 2,,0,,,,
40028 1,,西側,,34.40980619,132.7050689,40028 1,,0,,,,
40028 2,,西側,,34.40988951,132.7048856,40028 2,,0,,,,
40029 1,,下見大池,,34.405761,132.7066844,40029 1,,0,,,,
40029 2,,下見大池,,34.4057502,132.7065585,40029 2,,0,,,,
40029 4,,下見大池,,34.4068842,132.7064004,40029 4,,0,,,,
40029 5,,下見大池,,34.4069263,132.7065181,40029 5,,0,,,,
40030 1,,東広島駅,,34.38877607,132.7603986,40030 1,,0,,,,1
40030 2,,東広島駅,,34.38879274,132.7603653,40030 2,,0,,,,1
40030 3,,東広島駅,,34.3888094,132.7603653,40030 3,,0,,,,2
40031 1,,末釜,,34.3853527,132.7525979,40031 1,,0,,,,
40031 2,,末釜,,34.3853384,132.7522599,40031 2,,0,,,,
40031 3,,末釜,,34.3853551,132.752595,40031 3,,0,,,,
40031 4,,末釜,,34.3853428,132.7522492,40031 4,,0,,,,
40032 1,,千年池,,34.384182,132.7482508,40032 1,,0,,,,
40032 2,,千年池,,34.383995,132.747202,40032 2,,0,,,,
40032 3,,千年池,,34.3841842,132.7482555,40032 3,,0,,,,
40032 4,,千年池,,34.3839982,132.7472074,40032 4,,0,,,,
40033 1,,松原池,,34.38267641,132.7424337,40033 1,,0,,,,
40033 2,,松原池,,34.3827561,132.7422285,40033 2,,0,,,,
40033 3,,松原池,,34.38267641,132.7424337,40033 3,,0,,,,
40033 4,,松原池,,34.3827594,132.7422272,40033 4,,0,,,,
40034 1,,扇ノ池,,34.3826841,132.7373708,40034 1,,0,,,,
40034 2,,扇ノ池,,34.3826287,132.7370923,40034 2,,0,,,,
40034 3,,扇ノ池,,34.3826851,132.7373708,40034 3,,0,,,,
40034 4,,扇ノ池,,34.3826265,132.7370918,40034 4,,0,,,,
40035 1,,三升原,,34.3799165,132.7337813,40035 1,,0,,,,
40035 2,,三升原,,34.3807746,132.7338251,40035 2,,0,,,,
40035 4,,三升原,,34.38060983,132.7344178,40035 4,,0,,,,
40035 6,,三升原,,34.38062649,132.7344178,40035 6,,0,,,,
40036 3,,東広島運動公園,,34.38180964,132.7314013,40036 3,,0,,,,
40036 4,,東広島運動公園,,34.38174299,132.7315346,40036 4,,0,,,,
40037 1,,栄町,,34.42695499,132.7411984,40037 1,,0,,,,
40037 2,,栄町,,34.42723829,132.7412317,40037 2,,0,,,,
40037 7,,栄町,,34.42695499,132.7412151,40037 7,,0,,,,
40037 8,,栄町,,34.42725496,132.7411984,40037 8,,0,,,,
40038 1,,西条朝日町,,34.4261368,132.7433173,40038 1,,0,,,,
40038 2,,西条朝日町,,34.42600513,132.7434983,40038 2,,0,,,,
40039 1,,大坪通,,34.4252771,132.7463352,40039 1,,0,,,,
40039 2,,大坪通,,34.4250692,132.7467122,40039 2,,0,,,,
40040 1,,助実,,34.4200738,132.7455056,40040 1,,0,,,,
40040 2,,助実,,34.420038,132.7453574,40040 2,,0,,,,
40041 1,,和泉,,34.4166274,132.7432093,40041 1,,0,,,,
40041 2,,和泉,,34.4174178,132.7433617,40041 2,,0,,,,
40042 1,,卯之留,,34.4120549,132.7422706,40042 1,,0,,,,
40042 2,,卯之留,,34.4123629,132.7423193,40042 2,,0,,,,
40043 0,,御薗宇,,34.4052453,132.7396789,40043 0,,0,,,,
40043 1,,御薗宇,,34.4046182,132.7396333,40043 1,,0,,,,
40043 2,,御薗宇,,34.4052485,132.7396776,40043 2,,0,,,,
40043 9,,御薗宇,,34.4046156,132.739635,40043 9,,0,,,,
40044 1,,産総研前,,34.3980643,132.7356787,40044 1,,0,,,,
40045 1,,中国電力前,,34.3983001,132.733026,40045 1,,0,,,,
40046 1,,サイエンス北,,34.3999165,132.7338588,40046 1,,0,,,,
40047 1,,酒類総合研究所前,,34.3989751,132.7348994,40047 1,,0,,,,
40048 1,,水源地前,,34.3969449,132.7376692,40048 1,,0,,,,
40048 2,,水源地前,,34.3972259,132.7377216,40048 2,,0,,,,
40049 1,,西条農高前,,34.3948962,132.7361191,40049 1,,0,,,,
40049 2,,西条農高前,,34.39434171,132.735767,40049 2,,0,,,,
40050 1,,東子,,34.3899241,132.7369314,40050 1,,0,,,,
40050 2,,東子,,34.3913107,132.7366009,40050 2,,0,,,,
40051 1,,小滝原,,34.3857535,132.7369795,40051 1,,0,,,,
40051 2,,小滝原,,34.385784,132.7368654,40051 2,,0,,,,
40054 1,,早稲木地蔵前,,34.40152462,132.7554484,40054 1,,0,,,,
40054 2,,早稲木地蔵前,,34.40127465,132.7555817,40054 2,,0,,,,
40055 1,,下三永広島ガス前,,34.3978408,132.763883,40055 1,,0,,,,
40055 2,,下三永広島ガス前,,34.3975261,132.7640497,40055 2,,0,,,,
40056 1,,ゴルフ場入口,,34.3981635,132.7683012,40056 1,,0,,,,
40056 2,,ゴルフ場入口,,34.3980157,132.7683475,40056 2,,0,,,,
40057 1,,ゴルフ場下,,34.3923528,132.7688534,40057 1,,0,,,,
40057 2,,ゴルフ場下,,34.3924454,132.7688059,40057 2,,0,,,,
40058 1,,高岡,,34.3890574,132.7628335,40058 1,,0,,,,
40058 2,,高岡,,34.3891226,132.7626112,40058 2,,0,,,,
40060 1,,大沢,,34.3724652,132.7328524,40060 1,,0,,,,
40060 2,,大沢,,34.3724308,132.732687,40060 2,,0,,,,
40061 1,,板城,,34.3673026,132.7304573,40061 1,,0,,,,
40061 2,,板城,,34.3674637,132.7304297,40061 2,,0,,,,
40062 1,,馬木,,34.3617525,132.7264815,40062 1,,0,,,,
40062 2,,馬木,,34.361738,132.7262327,40062 2,,0,,,,
40063 1,,樋ノ詰橋,,34.3569038,132.7224767,40063 1,,0,,,,
40063 2,,樋ノ詰橋,,34.35794538,132.7228698,40063 2,,0,,,,
40063 4,,樋ノ詰橋,,34.3569765,132.7222537,40063 4,,0,,,,
40064 1,,小多田,,34.3501075,132.7144172,40064 1,,0,,,,
40064 2,,小多田,,34.3510244,132.7154505,40064 2,,0,,,,
40065 1,,上黒瀬,,34.34721296,132.7095881,40065 1,,0,,,,
40065 2,,上黒瀬,,34.3470918,132.7089885,40065 2,,0,,,,
40066 1,,南方,,34.3438,132.7025709,40066 1,,0,,,,
40066 2,,南方,,34.3440178,132.7025653,40066 2,,0,,,,
40067 2,,賀茂医療センター前,,34.3462962,132.6982057,40067 2,,0,,,,
40068 2,,黒瀬高校前,,34.3447388,132.6976636,40068 2,,0,,,,
40069 1,,賀茂医療センター口,,34.3407697,132.6986855,40069 1,,0,,,,
40069 2,,賀茂医療センター口,,34.340863451177930689863,132.6985725979005007940438,40069 2,,0,,,,
40070 0,,乃美尾,,34.3390972,132.6974085,40070 0,,0,,,,
40070 1,,乃美尾,,34.3390948,132.697411,40070 1,,0,,,,
40070 2,,乃美尾,,34.3380938,132.6960854,40070 2,,0,,,,
40070 4,,乃美尾,,34.3380956,132.6960856,40070 4,,0,,,,
40071 1,,西門前,,34.3347123,132.6905845,40071 1,,0,,,,
40071 2,,西門前,,34.3343499,132.6899866,40071 2,,0,,,,
40072 1,,黒瀬中学校前,,34.3320818,132.6858346,40072 1,,0,,,,
40072 2,,黒瀬中学校前,,34.332168,132.6858505,40072 2,,0,,,,
40073 1,,丸山,,34.3288766,132.6805714,40073 1,,0,,,,
40073 2,,丸山,,34.32919772,132.6808079,40073 2,,0,,,,
40074 1,,黒瀬支所前,,34.3250853,132.6753102,40074 1,,0,,,,
40074 2,,黒瀬支所前,,34.32526,132.6758285,40074 2,,0,,,,
40075 1,,中黒瀬,,34.3242204,132.673382,40075 1,,0,,,,
40075 2,,中黒瀬,,34.3239431,132.6725621,40075 2,,0,,,,
40076 1,,楢原,,34.3261211,132.6681039,40076 1,,0,,,,
40076 2,,楢原,,34.3261921,132.6681018,40076 2,,0,,,,
40077 1,,中黒瀬小学校前,,34.3302651,132.6674139,40077 1,,0,,,,
40077 2,,中黒瀬小学校前,,34.3301213,132.6676334,40077 2,,0,,,,
40078 1,,くろせハイライフ前,,34.3313194,132.6660991,40078 1,,0,,,,
40078 2,,くろせハイライフ前,,34.3313623,132.6661732,40078 2,,0,,,,
40079 1,,黒瀬中央団地前,,34.3329493,132.6647599,40079 1,,0,,,,
40079 2,,黒瀬中央団地前,,34.3332748,132.6642715,40079 2,,0,,,,
40080 1,,鷹原,,34.338111,132.6611349,40080 1,,0,,,,
40080 2,,鷹原,,34.33809643,132.6612425,40080 2,,0,,,,
40080 3,,鷹原,,34.33819642,132.6611425,40080 3,,0,,,,
40080 4,,鷹原,,34.33819642,132.6611425,40080 4,,0,,,,
40081 1,,庚ハイツ,,34.3399735,132.6583163,40081 1,,0,,,,
40081 2,,庚ハイツ,,34.339976,132.6583187,40081 2,,0,,,,
40082 1,,狐ヶ城,,34.3340723,132.6611338,40082 1,,0,,,,
40082 2,,狐ヶ城,,34.3340584,132.6615049,40082 2,,0,,,,
40083 1,,松ヶ丘団地,,34.3335225,132.659164,40083 1,,0,,,,
40083 2,,松ヶ丘団地,,34.3338108,132.6593494,40083 2,,0,,,,
40084 1,,春日野二丁目,,34.3322239,132.6563061,40084 1,,0,,,,
40084 2,,春日野二丁目,,34.3322225,132.656309,40084 2,,0,,,,
40085 1,,春日野西,,34.3326934,132.6536161,40085 1,,0,,,,
40085 2,,春日野西,,34.3326908,132.6536133,40085 2,,0,,,,
40086 1,,春日野一丁目,,34.3308716,132.6580093,40086 1,,0,,,,
40086 2,,春日野一丁目,,34.3308742,132.6580073,40086 2,,0,,,,
40087 1,,康成病院前,,34.3272139,132.6636956,40087 1,,0,,,,
40087 2,,康成病院前,,34.3269737,132.6639208,40087 2,,0,,,,
40088 1,,楢原中央,,34.3248375,132.6660275,40088 1,,0,,,,
40088 2,,楢原中央,,34.3240131,132.6664525,40088 2,,0,,,,
40089 1,,北上保田,,34.3212201,132.6684178,40089 1,,0,,,,
40089 2,,北上保田,,34.3212999,132.668237,40089 2,,0,,,,
40090 1,,上保田,,34.3207519,132.6697613,40090 1,,0,,,,
40090 2,,上保田,,34.3209338,132.6697609,40090 2,,0,,,,
40091 0,,広島国際大学,,34.31306622,132.6869248,40091 0,,0,,,,
40091 1,,広島国際大学,,34.31304956,132.6869248,40091 1,,0,,,,
40091 2,,広島国際大学,,34.3129967,132.6864768,40091 2,,0,,,,
40092 1,,明治橋,,34.315255,132.6616309,40092 1,,0,,,,
40092 2,,明治橋,,34.315812,132.6620796,40092 2,,0,,,,
40093 1,,市飯田,,34.3130174,132.6585012,40093 1,,0,,,,
40093 2,,市飯田,,34.3135197,132.6588056,40093 2,,0,,,,
40094 1,,八幡橋,,34.3095797,132.6531648,40094 1,,0,,,,
40094 2,,八幡橋,,34.31007,132.6540265,40094 2,,0,,,,
40095 1,,呉記念病院前,,34.306241,132.649323,40095 1,,0,,,,
40095 2,,呉記念病院前,,34.306328,132.6493055,40095 2,,0,,,,
40096 1,,郷原畑,,34.3045989,132.6473412,40096 1,,0,,,,
40096 2,,郷原畑,,34.3042756,132.6470147,40096 2,,0,,,,
40097 1,,郷原,,34.3014861,132.6429312,40097 1,,0,,,,
40097 2,,郷原,,34.3013667,132.6425791,40097 2,,0,,,,
40098 1,,浜田橋,,34.2987184,132.636517,40098 1,,0,,,,
40098 2,,浜田橋,,34.2992451,132.6375082,40098 2,,0,,,,
40099 1,,渡川,,34.2941327,132.6357239,40099 1,,0,,,,
40099 2,,渡川,,34.2935741,132.6356196,40099 2,,0,,,,
40100 1,,大積橋,,34.2899003,132.6345443,40100 1,,0,,,,
40100 2,,大積橋,,34.2902543,132.6345631,40100 2,,0,,,,
40101 1,,広島文化学園大学,,34.2890094,132.6386621,40101 1,,0,,,,
40101 2,,広島文化学園大学,,34.2890056,132.6386644,40101 2,,0,,,,
40102 1,,下高,,34.2869072,132.6333898,40102 1,,0,,,,1
40102 2,,下高,,34.2869398,132.6332742,40102 2,,0,,,,2
40103 1,,広二級峡,,34.2860177,132.6331822,40103 1,,0,,,,
40103 2,,広二級峡,,34.28573487,132.6330472,40103 2,,0,,,,
40104 1,,大津江橋,,34.279143,132.6379604,40104 1,,0,,,,
40104 2,,大津江橋,,34.2791286,132.6378042,40104 2,,0,,,,
40105 1,,上石内,,34.2697604,132.6356073,40105 1,,0,,,,
40105 2,,上石内,,34.2698377,132.6355201,40105 2,,0,,,,
40106 1,,石内橋,,34.2663132,132.6320512,40106 1,,0,,,,
40106 2,,石内橋,,34.2655911,132.6315926,40106 2,,0,,,,
40107 1,,徳丸,,34.2589666,132.6298702,40107 1,,0,,,,
40107 2,,徳丸,,34.2588564,132.6297892,40107 2,,0,,,,
40108 1,,町田,,34.25384,132.630315,40108 1,,0,,,,
40108 2,,町田,,34.2525688,132.6301603,40108 2,,0,,,,
40109 1,,塩焼,,34.2484028,132.6291819,40109 1,,0,,,,
40109 2,,塩焼,,34.2490864,132.6295759,40109 2,,0,,,,
40110 1,,弁天橋,,34.2433901,132.6277158,40110 1,,0,,,,
40110 2,,弁天橋,,34.2442127,132.6280891,40110 2,,0,,,,
40111 1,,中新開,,34.2404963,132.6262759,40111 1,,0,,,,
40111 2,,中新開,,34.2413188,132.6264455,40111 2,,0,,,,
40112 1,,北大新開,,34.2375399,132.6249478,40112 1,,0,,,,
40112 2,,北大新開,,34.2375647,132.6247585,40112 2,,0,,,,
40113 1,,広商店街,,34.234912,132.623885,40113 1,,0,,,,
40113 2,,広商店街,,34.2357117,132.6239603,40113 2,,0,,,,
40114 1,,広交叉点,広交叉点北,34.2319437,132.6226427,40114 1,,0,,,,
40114 2,,広交叉点,広交叉点北,34.2317488,132.6223389,40114 2,,0,,,,
40115 1,,広駅,,34.2287181,132.628544,40115 1,,0,,,,
40115 2,,広駅,,34.2287182,132.6285443,40115 2,,0,,,,
40116 1,,広市民センター,,34.2330172,132.6151802,40116 1,,0,,,,
40116 2,,広市民センター,,34.2332447,132.6152451,40116 2,,0,,,,
40117 1,,先小倉,,34.2349495,132.6064058,40117 1,,0,,,,
40117 2,,先小倉,,34.2352435,132.6065832,40117 2,,0,,,,
40118 1,,阿賀海岸通,,34.2381673,132.5979348,40118 1,,0,,,,
40118 2,,阿賀海岸通,,34.2383258,132.5981593,40118 2,,0,,,,
40119 0,,郷,,34.2425849,132.5973105,40119 0,,0,,,,
40119 1,,郷,,34.2431972,132.5970895,40119 1,,0,,,,
40119 12,,郷,,34.2431982,132.5970663,40119 12,,0,,,,
40119 2,,郷,,34.2425913,132.5973198,40119 2,,0,,,,
40120 1,,呉本通五丁目,,34.2488537,132.57213,40120 1,,0,,,,
40120 2,,呉本通五丁目,,34.2487671,132.5712497,40120 2,,0,,,,
40121 0,,四ツ道路,,34.243813,132.5652729,40121 0,,0,,,,2
40121 1,,四ツ道路,,34.2437261,132.5655207,40121 1,,0,,,,1
40121 12,,四ツ道路,,34.2437263,132.5655195,40121 12,,0,,,,1
40121 2,,四ツ道路,,34.243813,132.5652729,40121 2,,0,,,,2
40122 0,,呉駅前,,34.2451529,132.5578093,40122 0,,0,,,,6
40122 1,,呉駅前,,34.245038,132.5579198,40122 1,,0,,,,
40122 12,,呉駅前,,34.2451521,132.5578096,40122 12,,0,,,,9
40122 2,,呉駅前,,34.2451945,132.558385,40122 2,,0,,,,3
40123 1,,二神山,,34.4002906,132.7086357,40123 1,,0,,,,
40123 2,,二神山,,34.40025727,132.7084024,40123 2,,0,,,,
40123 3,,二神山,,34.4002906,132.708619,40123 3,,0,,,,
40123 5,,二神山,,34.40027394,132.708619,40123 5,,0,,,,
40123 7,,二神山,,34.40024061,132.708619,40123 7,,0,,,,
40124 1,,中郷,,34.3898711,132.7128894,40124 1,,0,,,,
40124 2,,中郷,,34.3898731,132.712748,40124 2,,0,,,,
40125 1,,郷田,,34.379862,132.7104881,40125 1,,0,,,,
40125 2,,郷田,,34.379773,132.7103641,40125 2,,0,,,,
40126 1,,郷曽,,34.3765293,132.71025,40126 1,,0,,,,
40126 2,,郷曽,,34.3765391,132.7101111,40126 2,,0,,,,
40127 1,,安芸大河内,,34.3716616,132.7119416,40127 1,,0,,,,
40127 2,,安芸大河内,,34.371623,132.7117493,40127 2,,0,,,,
40128 1,,西条東,,34.4262252,132.7353557,40128 1,,0,,,,
40128 2,,西条東,,34.4263182,132.7357491,40128 2,,0,,,,
40128 7,,西条東,,34.4262283,132.7353585,40128 7,,0,,,,
40128 8,,西条東,,34.426315,132.7357527,40128 8,,0,,,,
40129 7,,下寺家,,34.4300814,132.728286,40129 7,,0,,,,2
40129 8,,下寺家,,34.4299759,132.7285308,40129 8,,0,,,,1
40130 7,,友待橋,,34.43578705,132.7225329,40130 7,,0,,,,
40130 8,,友待橋,,34.43632033,132.7224829,40130 8,,0,,,,
40131 7,,市田橋,,34.43966993,132.7206329,40131 7,,0,,,,
40131 8,,市田橋,,34.43951995,132.7208662,40131 8,,0,,,,
40132 7,,上寺家,,34.4424312,132.7222252,40132 7,,0,,,,
40132 8,,上寺家,,34.4424475,132.7223441,40132 8,,0,,,,
40133 7,,大沢田池,,34.445733,132.7243579,40133 7,,0,,,,
40133 8,,大沢田池,,34.4457078,132.7244192,40133 8,,0,,,,
40134 8,,東広島医療センター,,34.44898566,132.7235322,40134 8,,0,,,,
40135 1,,尾形,,34.4239981,132.7306789,40135 1,,0,,,,
40135 2,,尾形,,34.4240243,132.7306014,40135 2,,0,,,,
40136 1,,蓮花寺橋,,34.4194438,132.7283165,40136 1,,0,,,,
40136 2,,蓮花寺橋,,34.4195797,132.7282006,40136 2,,0,,,,
40137 1,,黄幡,,34.41472262,132.7216006,40137 1,,0,,,,
40137 2,,黄幡,,34.4148384,132.721577,40137 2,,0,,,,
40138 1,,下見,,34.411895,132.7165458,40138 1,,0,,,,
40138 2,,下見,,34.4116112,132.7159325,40138 2,,0,,,,
40139 1,,鴻の巣,,34.40998965,132.7132849,40139 1,,0,,,,
40139 2,,鴻の巣,,34.4099073,132.712917,40139 2,,0,,,,
40139 3,,鴻の巣,,34.40955638,132.7144848,40139 3,,0,,,,
40139 4,,鴻の巣,,34.40950638,132.7142681,40139 4,,0,,,,
40140 1,,明顕寺前,,34.4077242,132.709569,40140 1,,0,,,,
40140 2,,明顕寺前,,34.4079858,132.7099279,40140 2,,0,,,,
40143 0,,体育館前,,34.2504229,132.5634252,40143 0,,0,,,,1
40143 99,,体育館前,,34.250720729930316411237,132.5633379798979780944854,40143 99,,0,,,,2
40145 0,,呉本通三丁目,,34.2458904,132.5673662,40145 0,,0,,,,2
40145 1,,呉本通三丁目,,34.2450945,132.5669025,40145 1,,0,,,,1
40145 12,,呉本通三丁目,,34.2450946,132.5669008,40145 12,,0,,,,1
40145 2,,呉本通三丁目,,34.2458903,132.5673657,40145 2,,0,,,,2
40146 0,,呉本通四丁目,,34.2473713,132.568878,40146 0,,0,,,,
40146 1,,呉本通四丁目,,34.2472867,132.5691426,40146 1,,0,,,,
40146 12,,呉本通四丁目,,34.2472906,132.5691382,40146 12,,0,,,,
40146 2,,呉本通四丁目,,34.2472136,132.568719,40146 2,,0,,,,
40147 0,,呉本通六丁目,,34.2498706,132.5741557,40147 0,,0,,,,
40147 1,,呉本通六丁目,,34.2496046,132.5741441,40147 1,,0,,,,
40147 12,,呉本通六丁目,,34.2495205,132.5739037,40147 12,,0,,,,
40147 2,,呉本通六丁目,,34.2499107,132.5742321,40147 2,,0,,,,
40148 0,,呉本通八丁目,,34.2511326,132.5795671,40148 0,,0,,,,
40148 12,,呉本通八丁目,,34.2509277,132.5790911,40148 12,,0,,,,
40149 0,,西畑,,34.2533436,132.5843632,40149 0,,0,,,,
40149 1,,西畑,,34.2529673,132.5827902,40149 1,,0,,,,
40149 12,,西畑,,34.2529705,132.5827588,40149 12,,0,,,,
40149 2,,西畑,,34.253343,132.5843614,40149 2,,0,,,,
40150 0,,中畑,,34.2507522,132.5932617,40150 0,,0,,,,
40150 1,,中畑,,34.2506403,132.5931135,40150 1,,0,,,,
40150 12,,中畑,,34.250639,132.5931168,40150 12,,0,,,,
40150 2,,中畑,,34.2507598,132.5932278,40150 2,,0,,,,
40151 0,,原,,34.2478129,132.5972271,40151 0,,0,,,,
40151 12,,原,,34.2477131,132.5970129,40151 12,,0,,,,
40152 0,,阿賀駅前,,34.2365518,132.6001035,40152 0,,0,,,,
40152 12,,阿賀駅前,,34.2368501,132.600961,40152 12,,0,,,,
40153 13,,中央公園前,,34.4275045,132.7431163,40153 13,,0,,,,1
40153 14,,中央公園前,,34.4278852,132.7438485,40153 14,,0,,,,3
40153 15,,中央公園前,,34.4282682,132.743111,40153 15,,0,,,,1
40158 7,,寺家,,34.43915335,132.7222494,40158 7,,0,,,,
40158 8,,寺家,,34.43920335,132.7222828,40158 8,,0,,,,
40159 2,,西条西本町,,34.42637169,132.7397319,40159 2,,0,,,,
40159 8,,西条西本町,,34.42635502,132.7396819,40159 8,,0,,,,
40160 1,,芸陽バス前,,34.4262894,132.7373567,40160 1,,0,,,,
40160 2,,芸陽バス前,,34.4263724,132.7373754,40160 2,,0,,,,
40160 7,,芸陽バス前,,34.4262889,132.7373547,40160 7,,0,,,,
40160 8,,芸陽バス前,,34.4263713,132.7373774,40160 8,,0,,,,
40161 3,,広交叉点,広交叉点南,34.230672,132.6236286,40161 3,,0,,,,
40161 4,,広交叉点,広交叉点南,34.2311249,132.6227604,40161 4,,0,,,,
40162 1,,西条駅北口,,34.43172118,132.743298,40162 1,,0,,,,
40162 99,,西条駅,,34.431687849706214396010,132.7432480384505051096718,40162 99,,0,,,,
43101 2,,兼広,,34.322498112004157301770,132.662109804909515137421,43101 2,,0,,,,2
43102 1,,西楢原,,34.324231298896801014987,132.6643428731856010708384,43102 1,,0,,,,
43102 2,,西楢原,,34.324314622232523646329,132.6642928734992609939112,43102 2,,0,,,,
43120 13,,みそのうにじいろ保育園前,,34.4074374,132.7546793,43120 13,,0,,,,
43120 14,,みそのうにじいろ保育園前,,34.4073223,132.7546231,43120 14,,0,,,,
44001 13,,ゆめタウン東広島前,,34.4278166,132.750024,44001 13,,0,,,,
44001 14,,ゆめタウン東広島前,,34.4278792,132.7500215,44001 14,,0,,,,
44002 13,,のぞみ整形外科前,,34.4240846,132.7551834,44002 13,,0,,,,2
44002 14,,のぞみ整形外科前,,34.4257216,132.756694,44002 14,,0,,,,1
44003 14,,福祉センター前,,34.4221979,132.7540374,44003 14,,0,,,,
44004 13,,円城寺北,,34.4196095,132.7557654,44004 13,,0,,,,
44004 14,,円城寺北,,34.4196648,132.7557591,44004 14,,0,,,,
44005 13,,円城寺南,,34.4170918,132.7570716,44005 13,,0,,,,
44005 14,,円城寺南,,34.417,132.7570865,44005 14,,0,,,,
44006 13,,城信,,34.4157858,132.7524818,44006 13,,0,,,,
44006 14,,城信,,34.4156502,132.7522317,44006 14,,0,,,,
44007 13,,賀茂ボール前,,34.4137888,132.7524819,44007 13,,0,,,,
44007 14,,賀茂ボール前,,34.4138384,132.7525521,44007 14,,0,,,,
44008 13,,松賀中学校入口,,34.411906,132.7533798,44008 13,,0,,,,
44008 14,,松賀中学校入口,,34.4117758,132.7535479,44008 14,,0,,,,
44009 13,,フジグラン前,,34.4080461,132.7507641,44009 13,,0,,,,
44009 14,,フジグラン前,,34.4078701,132.7504856,44009 14,,0,,,,
44010 13,,上戸,,34.412866,132.7505294,44010 13,,0,,,,1
44010 14,,上戸,,34.4139167,132.7500245,44010 14,,0,,,,2
44011 13,,西条中央三丁目,,34.4156495,132.7436156,44011 13,,0,,,,
44011 14,,西条中央三丁目,,34.4157481,132.7425613,44011 14,,0,,,,
44012 13,,西条中央五丁目,,34.4138369,132.7407441,44012 13,,0,,,,
44012 14,,西条中央五丁目,,34.4135078,132.7401363,44012 14,,0,,,,
44013 13,,西条中央六丁目,,34.4133742,132.738484,44013 13,,0,,,,
44013 14,,西条中央六丁目,,34.4133349,132.7384076,44013 14,,0,,,,
44014 13,,東広島市立中央図書館,,34.4162771,132.7361515,44014 13,,0,,,,
44014 14,,東広島市中央図書館,,34.4162506,132.7360369,44014 14,,0,,,,
44015 13,,三ツ城古墳前,,34.4178189,132.7350926,44015 13,,0,,,,
44015 14,,三ツ城古墳前,,34.4175634,132.7351181,44015 14,,0,,,,
44016 13,,西条中央七丁目,,34.4190053,132.7355413,44016 13,,0,,,,
44016 14,,西条中央七丁目,,34.4190355,132.735441,44016 14,,0,,,,
44017 13,,江熊西,,34.4191058,132.7373158,44017 13,,0,,,,
44017 14,,江熊西,,34.4191633,132.7373748,44017 14,,0,,,,
44018 13,,浄福寺橋,,34.4203787,132.7517901,44018 13,,0,,,,
44018 14,,淨福寺橋,,34.4202146,132.7524593,44018 14,,0,,,,
50001 0,,広島バスセンター,,34.3964723,132.456308,50001 0,,0,,,,
50001 1,,広島バスセンター,,34.39646994,132.4563068,50001 1,,0,,,,
50001 2,,広島バスセンター,,34.3961683,132.4565006,50001 2,,0,1,,,11
50001 4,,広島バスセンター,,34.396186635930436167921,132.4563568331891925665526,50001 4,,0,,,,9
50001 8,,広島バスセンター,,34.396253291276214829178,132.4560901853227939666084,50001 8,,0,,,,6
50002 3,,八丁堀,,34.3934939,132.464124,50002 3,,0,,,,0
50002 5,,八丁堀,賀茂鶴オアシス前,34.3937738,132.4640881,50002 5,,0,,,,1
50003 0,,本通り,,34.3929914,132.4566937,50003 0,,0,,,,32
50003 11,,本通り,,34.3940067,132.4573992,50003 11,,0,,,,31
50004 0,,中電前,,34.3890679,132.4553677,50004 0,,0,,,,
50004 11,,中電前,,34.3880093,132.4553231,50004 11,,0,,,,
50005 0,,市役所前,,34.3855253,132.4541267,50005 0,,0,,,,
50005 11,,市役所前,,34.3858737,132.4545982,50005 11,,0,,,,
50006 0,,南区役所前,,34.3797364,132.4702139,50006 0,,0,,,,
50006 11,,南区役所前,,34.3799216,132.4705427,50006 11,,0,,,,
50007 0,,大学病院南門,,34.3775608,132.4796278,50007 0,,0,,,,
50007 11,,大学病院南門,,34.3781598,132.4807765,50007 11,,0,,,,
50008 0,,柞木,,34.3667515,132.499191,50008 0,,0,,,,
50008 99,,柞木,,34.367107164090719223204,132.499371266201682192873,50008 99,,0,,,,
50009 1,,広島空港,,34.44000669,132.9187497,50009 1,,0,,,,4
50009 99,,広島空港,,34.440006691959511683905,132.9187164167052973318356,50009 99,,0,,,,4
50011 89,,広島駅新幹線口,,34.398386749598175771495,132.4763050751137241752266,50011 89,,0,,,,
50011 99,,広島駅新幹線口,,34.398386749598175771495,132.4763050751137241752266,50011 99,,0,,,,2
50123 2,,横川駅前,,34.409794,132.4501502,50123 2,,0,,,,1
50124 2,,別院前,,34.4037357,132.4492262,50124 2,,0,,,,
50125 2,,広瀬町,,34.4018016,132.4485474,50125 2,,0,,,,
50128 0,,広島駅,,34.396101,132.4735322,50128 0,,0,,,,
50128 2,,広島駅,,34.397270165266409370885,132.4741886348672434176810,50128 2,,0,,,,7
50128 3,,広島駅,,34.397236821346132453370,132.4734220338681397897404,50128 3,,0,,,,
50128 4,,広島駅,,34.396686889318888473234,132.4739386831194698717588,50128 4,,0,,,,20
50129 0,,研創前,,34.474330174685598866330,132.5649442165956995119972,50129 0,,0,,,,
50129 1,,研創前,,34.4741983,132.5648944,50129 1,,0,,,,
50130 1,,研創入口,,34.4751711,132.5635873,50130 1,,0,,,,
50130 2,,研創入口,,34.4751717,132.5636524,50130 2,,0,,,,
50131 1,,上深川駅前,,34.4749751,132.5611346,50131 1,,0,,,,
50131 2,,上深川駅前,,34.4751209,132.5613135,50131 2,,0,,,,
50132 1,,上庄原,,34.4738948,132.5573064,50132 1,,0,,,,
50132 2,,上庄原,,34.4740094,132.5574648,50132 2,,0,,,,
50133 1,,安芸庄原,,34.4750435,132.5506527,50133 1,,0,,,,
50133 2,,安芸庄原,,34.4746257,132.5519222,50133 2,,0,,,,
50134 1,,安芸中深川,,34.4769955,132.5452298,50134 1,,0,,,,
50134 2,,安芸中深川,,34.4768932,132.5455209,50134 2,,0,,,,
50135 1,,隠地,,34.477703,132.5441317,50135 1,,0,,,,
50135 2,,隠地,,34.478053,132.5436141,50135 2,,0,,,,
50136 1,,憩の森口,,34.4801399,132.5391946,50136 1,,0,,,,
50136 2,,憩の森口,,34.4804022,132.5384787,50136 2,,0,,,,
50140 1,,高陽中学校前,,34.480791,132.533767,50140 1,,0,,,,
50140 2,,高陽中学校前,,34.4808005,132.5347836,50140 2,,0,,,,
50141 1,,中深川,,34.4808622,132.5303135,50141 1,,0,,,,
50141 2,,中深川,,34.48081221,132.5300468,50141 2,,0,,,,
50142 1,,諸木峠,,34.47689588,132.5256974,50142 1,,0,,,,
50142 2,,諸木峠,,34.47699587,132.5254474,50142 2,,0,,,,
50143 1,,諸木,,34.47627918,132.5199479,50143 1,,0,,,,
50143 2,,諸木,,34.47644583,132.5199312,50143 2,,0,,,,
50144 1,,上岩の上,,34.47476263,132.5171315,50144 1,,0,,,,
50144 2,,上岩の上,,34.47499593,132.5171315,50144 2,,0,,,,
50145 1,,岩の上,,34.47127956,132.5113321,50145 1,,0,,,,
50145 2,,岩の上,,34.4715462,132.5113988,50145 2,,0,,,,
50146 1,,高陽台,,34.46353047,132.5158655,50146 1,,0,,,,
50146 2,,高陽台,,34.46371379,132.5159321,50146 2,,0,,,,
50147 1,,高陽台上,,34.46438035,132.5141656,50147 1,,0,,,,
50147 2,,高陽台上,,34.46438035,132.5141822,50147 2,,0,,,,
50147 3,,高陽台上,,34.46438035,132.5141822,50147 3,,0,,,,
50147 4,,高陽台上,,34.46436369,132.5141822,50147 4,,0,,,,
50148 1,,高陽台中,,34.4658057,132.5138806,50148 1,,0,,,,
50148 2,,高陽台中,,34.4657361,132.5139095,50148 2,,0,,,,
50148 3,,高陽台中,,34.46581353,132.5138988,50148 3,,0,,,,
50148 4,,高陽台中,,34.4657428,132.5139251,50148 4,,0,,,,
50149 1,,高陽台入口,,34.46633017,132.5157987,50149 1,,0,,,,
50149 2,,高陽台入口,,34.46633017,132.5157987,50149 2,,0,,,,
50149 3,,高陽台入口,,34.46631351,132.515782,50149 3,,0,,,,
50149 4,,高陽台入口,,34.46631351,132.5157987,50149 4,,0,,,,
50150 1,,落合小学校前,,34.46827992,132.5134654,50150 1,,0,,,,
50150 2,,落合小学校前,,34.4683709,132.5133297,50150 2,,0,,,,
50150 3,,落合小学校前,,34.4682737,132.5134671,50150 3,,0,,,,
50150 4,,落合小学校前,,34.4683816,132.5133367,50150 4,,0,,,,
50151 1,,落合集会所前,,34.4686951,132.5118844,50151 1,,0,,,,
50151 2,,落合集会所前,,34.4686994,132.5119519,50151 2,,0,,,,
50151 3,,落合集会所前,,34.468693,132.5118859,50151 3,,0,,,,
50151 4,,落合集会所前,,34.4686984,132.5119516,50151 4,,0,,,,
50152 1,,中岩の上,,34.46951305,132.5090324,50152 1,,0,,,,
50152 2,,中岩の上,,34.46966303,132.5088991,50152 2,,0,,,,
50153 1,,下岩の上,,34.46661331,132.5065494,50153 1,,0,,,,
50153 2,,下岩の上,,34.46749656,132.5068327,50153 2,,0,,,,
50154 2,,矢口が丘上,,34.4571878,132.5094046,50154 2,,0,,,,
50154 4,,矢口が丘上,,34.4571867,132.5094015,50154 4,,0,,,,
50155 2,,口田中学校前,,34.45668107,132.5080998,50155 2,,0,,,,
50155 4,,口田中学校前,,34.45668107,132.5080998,50155 4,,0,,,,
50156 1,,中央公園前,,34.45914746,132.5074997,50156 1,,0,,,,
50156 2,,中央公園前,,34.4590754,132.5076978,50156 2,,0,,,,
50156 3,,中央公園前,,34.4591308,132.5074497,50156 3,,0,,,,
50156 4,,中央公園前,,34.4590754,132.5077072,50156 4,,0,,,,
50157 1,,矢口が丘中,,34.46109722,132.5053998,50157 1,,0,,,,
50157 2,,矢口が丘中,,34.4607145,132.5057546,50157 2,,0,,,,
50157 3,,矢口が丘中,,34.46109722,132.5053831,50157 3,,0,,,,
50157 4,,矢口が丘中,,34.46071393,132.5057498,50157 4,,0,,,,
50158 1,,矢口が丘入口,,34.4648968,132.5046997,50158 1,,0,,,,
50158 2,,矢口が丘入口,,34.46483014,132.504883,50158 2,,0,,,,
50158 3,,矢口が丘入口,,34.46488013,132.5046997,50158 3,,0,,,,
50158 4,,矢口が丘入口,,34.46484681,132.5048663,50158 4,,0,,,,
50159 1,,矢口上,,34.46414684,132.5022499,50159 1,,0,,,,
50159 2,,矢口上,,34.46424682,132.5020499,50159 2,,0,,,,
50160 1,,矢口,,34.46208032,132.498317,50160 1,,0,,,,
50160 2,,矢口,,34.461797,132.4972671,50160 2,,0,,,,
50161 1,,口田,,34.4595145,132.4964834,50161 1,,0,,,,
50161 2,,口田,,34.4595089,132.4963935,50161 2,,0,,,,
50162 1,,上小田,,34.4554123,132.495312,50162 1,,0,,,,
50162 2,,上小田,,34.45544764,132.4952175,50162 2,,0,,,,
50163 1,,小田教円寺前,,34.4527657,132.49434,50163 1,,0,,,,
50163 2,,小田教円寺前,,34.453023,132.4943381,50163 2,,0,,,,
50164 1,,中小田,,34.4502484,132.4933889,50164 1,,0,,,,
50164 2,,中小田,,34.45001486,132.493218,50164 2,,0,,,,
50165 1,,下小田,,34.4443288,132.4914007,50165 1,,0,,,,
50165 2,,下小田,,34.4445143,132.491222,50165 2,,0,,,,
50166 1,,上千足,,34.4412404,132.4900351,50166 1,,0,,,,
50166 2,,上千足,,34.4424417,132.490743,50166 2,,0,,,,
50167 1,,千足,,34.4390649,132.4856172,50167 1,,0,,,,5
50167 2,,千足,,34.43946587,132.486569,50167 2,,0,,,,4
50168 1,,下千足,,34.4377827,132.4817614,50168 1,,0,,,,
50168 2,,下千足,,34.4380805,132.4819543,50168 2,,0,,,,
50169 1,,広島ゴルフ場前,,34.4363219,132.4799427,50169 1,,0,,,,
50169 2,,広島ゴルフ場前,,34.4364173,132.4797892,50169 2,,0,,,,
50170 1,,天水,,34.43306637,132.4761868,50170 1,,0,,,,
50170 2,,天水,,34.4330209,132.4758978,50170 2,,0,,,,
50171 1,,牛田新町四丁目,,34.4284158,132.471361,50171 1,,0,,,,
50171 2,,牛田新町四丁目,,34.4296493,132.472885,50171 2,,0,,,,
50172 1,,不動院,,34.4268909,132.4695559,50172 1,,0,,,,
50172 2,,不動院,,34.4267507,132.4687577,50172 2,,0,,,,
50173 1,,牛田新町二丁目,,34.4233695,132.4662662,50173 1,,0,,,,
50173 2,,牛田新町二丁目,,34.4245861,132.4666256,50173 2,,0,,,,
50174 1,,牛田新町一丁目,,34.4204589,132.4654192,50174 1,,0,,,,
50174 2,,牛田新町一丁目,,34.4215546,132.4651306,50174 2,,0,,,,
50175 1,,東区スポーツセンター入口,,34.4156312,132.464325,50175 1,,0,,,,1
50175 2,,東区スポーツセンター入口,,34.4157838,132.4638982,50175 2,,0,,,,2
50176 1,,安田学園白島キャンパス,,34.4107239,132.4628428,50176 1,,0,,,,
50176 2,,安田学園白島キャンパス,,34.41075185,132.462489,50176 2,,0,,,,
50177 1,,基町,,34.4032937,132.4580332,50177 1,,0,,,,
50177 2,,基町,,34.4035971,132.4579587,50177 2,,0,,,,
50178 1,,合同庁舎前,,34.39863647,132.4619396,50178 1,,0,,,,
50178 2,,合同庁舎前,,34.39848648,132.461673,50178 2,,0,,,,
50179 1,,女学院前,,34.3977235,132.4654953,50179 1,,0,,,,1
50179 2,,女学院前,,34.3972377,132.4667059,50179 2,,0,,,,2
50180 1,,工兵橋,,34.41438484,132.4647053,50180 1,,0,,,,
50180 2,,工兵橋,,34.4143186,132.4646648,50180 2,,0,,,,
50181 1,,牛田大橋,,34.4106636,132.4673469,50181 1,,0,,,,3
50181 2,,牛田大橋,,34.41060195,132.4672886,50181 2,,0,,,,4
50182 1,,神田橋,,34.4093644,132.4691142,50182 1,,0,,,,
50182 2,,神田橋,,34.40885218,132.4695885,50182 2,,0,,,,
50183 1,,饒津裏,,34.4061893,132.4709314,50183 1,,0,,,,
50183 2,,饒津裏,,34.40601917,132.4705719,50183 2,,0,,,,
50184 1,,饒津,,34.4047582,132.4693408,50184 1,,0,,,,
50184 2,,饒津,,34.4041104,132.4690956,50184 2,,0,,,,
50185 1,,常磐橋東,,34.4028406,132.4689756,50185 1,,0,,,,
50186 2,,大須賀町・常盤橋東,,34.4012318,132.4696643,50186 2,,0,,,,
50187 0,,高陽車庫,,34.4780992,132.528033,50187 0,,0,,,,
50187 1,,高陽車庫,,34.4779195,132.5285418,50187 1,,0,,,,
50187 2,,高陽車庫,,34.47814579,132.5281304,50187 2,,0,,,,
50187 3,,高陽車庫,,34.4779195,132.5285418,50187 3,,0,,,,
50188 1,,奥田橋,,34.47771248,132.5270305,50188 1,,0,,,,
50188 2,,奥田橋,,34.47764583,132.5272305,50188 2,,0,,,,
50189 1,,地区センター,,34.48224528,132.5241472,50189 1,,0,,,,
50189 2,,地区センター,,34.48179534,132.5244639,50189 2,,0,,,,
50190 1,,西山公園前,,34.48629485,132.5240304,50190 1,,0,,,,
50190 2,,西山公園前,,34.48604486,132.5234805,50190 2,,0,,,,
50191 1,,下深川駅前,,34.48851128,132.5241303,50191 1,,0,,,,
50191 2,,下深川駅前,,34.48837797,132.5246469,50191 2,,0,,,,
50192 1,,下庄,,34.48702806,132.5216472,50192 1,,0,,,,
50192 2,,下庄,,34.48722804,132.5218972,50192 2,,0,,,,
50193 1,,堂願橋,,34.486282,132.5202513,50193 1,,0,,,,
50193 2,,堂願橋,,34.48652809,132.520564,50193 2,,0,,,,
50194 1,,近隣センター,,34.4851615,132.5161144,50194 1,,0,,,,
50194 2,,近隣センター,,34.48541147,132.5159644,50194 2,,0,,,,
50195 1,,落合中学校前,,34.48257845,132.5169145,50195 1,,0,,,,
50195 2,,落合中学校前,,34.4824618,132.5171978,50195 2,,0,,,,
50196 1,,寺迫公園前,,34.4821952,132.5192976,50196 1,,0,,,,
50196 2,,寺迫公園前,,34.48197856,132.5192977,50196 2,,0,,,,
50197 1,,寺迫公園,,34.48061206,132.5202476,50197 1,,0,,,,
50197 2,,寺迫公園,,34.48074537,132.5200643,50197 2,,0,,,,
50198 1,,柳ヶ迫,,34.4793289,132.5228308,50198 1,,0,,,,
50198 2,,柳ヶ迫,,34.47949555,132.5225475,50198 2,,0,,,,
50199 1,,北山橋,,34.47709581,132.5230809,50199 1,,0,,,,
50199 2,,北山橋,,34.47727912,132.5228976,50199 2,,0,,,,
50209 1,,郵便局前,,34.48224524,132.5219474,50209 1,,0,,,,
50209 2,,郵便局前,,34.48237856,132.5220641,50209 2,,0,,,,
50238 88,,県立美術館前,,34.400752977390137997397,132.4657225114569369237230,50238 88,,0,,,,
50238 98,,県立美術館前,,34.40080297,132.4657392,50238 98,,0,,,,
50239 88,,ひろしま美術館前,,34.397986486371103119417,132.4588232113854617567142,50239 88,,0,,,,
50240 88,,原爆ドーム前,,34.395936624405409295450,132.4541903576412384343728,50240 88,,0,,,,
50241 88,,平和公園前,,34.390887123590300400182,132.4518074547402539758088,50241 88,,0,,,,
50242 88,,現代美術館前,,34.387221236761192926311,132.4740057794826968539320,50242 88,,0,,,,
50253 88,,広島城,,34.400652927851143255266,132.4622228067371937861812,50253 88,,0,,,,
50257 1,,新白島駅,,34.4077694,132.4608348,50257 1,,0,,,,
50257 2,,新白島駅,,34.4078149,132.4601884,50257 2,,0,,,,
50264 88,,並木通り入口,,34.388870810799273850096,132.4597235568258069561184,50264 88,,0,,,,
50265 88,,新天地,,34.390520679912644103778,132.4623399297253045653552,50265 88,,0,,,,
60001 1,,防府駅,,34.0536011,131.5690436,60001 1,,0,,,,
60001 2,,防府駅,,34.0536011,131.5690476,60001 2,,0,,,,1
60002 1,,八王子,,34.0572707,131.5667436,60002 1,,0,,,,
60002 2,,八王子,,34.0570951,131.5672264,60002 2,,0,,,,
60003 1,,千日町,,34.0600453,131.5610235,60003 1,,0,,,,
60003 2,,千日町,,34.0598814,131.5609417,60003 2,,0,,,,
60004 1,,新橋,,34.0621928,131.5590804,60004 1,,0,,,,
60004 2,,新橋,,34.0628272,131.5582826,60004 2,,0,,,,
60005 1,,右田,,34.0703913,131.5550034,60005 1,,0,,,,
60005 2,,右田,,34.0710568,131.5545138,60005 2,,0,,,,
60006 1,,勝坂,,34.0805191,131.5508811,60006 1,,0,,,,
60006 2,,勝坂,,34.0815811,131.5500003,60006 2,,0,,,,
60007 1,,上勝坂,,34.0866861,131.54779,60007 1,,0,,,,
60007 2,,上勝坂,,34.0866439,131.5475504,60007 2,,0,,,,
60008 1,,洞道北口,,34.1022377,131.539877,60008 1,,0,,,,
60008 2,,洞道北口,,34.1019633,131.5398752,60008 2,,0,,,,
60009 1,,上鯖山,,34.1092135,131.5361164,60009 1,,0,,,,
60009 2,,上鯖山,,34.1094657,131.5357494,60009 2,,0,,,,
60010 1,,禅昌寺前,,34.1161937,131.5327426,60010 1,,0,,,,
60010 2,,禅昌寺前,,34.1170181,131.5320865,60010 2,,0,,,,
60011 1,,下鯖山,,34.119879,131.5308926,60011 1,,0,,,,
60011 2,,下鯖山,,34.1195545,131.5308051,60011 2,,0,,,,
60012 1,,八反田,,34.1270284,131.5277686,60012 1,,0,,,,
60012 2,,八反田,,34.1288256,131.5268839,60012 2,,0,,,,
60013 1,,鳴滝,,34.1319197,131.5260297,60013 1,,0,,,,
60013 2,,鳴滝,,34.1319469,131.525793,60013 2,,0,,,,
60014 1,,鯖地,,34.14016438,131.5230128,60014 1,,0,,,,
60014 2,,鯖地,,34.1401465,131.5227875,60014 2,,0,,,,
60015 1,,柊,,34.1477118,131.5205169,60015 1,,0,,,,
60015 2,,柊,,34.1479479,131.5199886,60015 2,,0,,,,
60016 1,,大内中学校前,,34.1524852,131.5160948,60016 1,,0,,,,
60016 2,,大内中学校前,,34.1523535,131.5162151,60016 2,,0,,,,
60017 1,,矢田,,34.1538472,131.5094731,60017 1,,0,,,,
60017 2,,矢田,,34.1538082,131.5091717,60017 2,,0,,,,
60018 1,,光円寺前,,34.1557235,131.5016572,60018 1,,0,,,,
60018 2,,光円寺前,,34.1555974,131.5016105,60018 2,,0,,,,
60019 1,,大内小学校前,,34.1563011,131.4993315,60019 1,,0,,,,
60019 2,,大内小学校前,,34.1564228,131.4981445,60019 2,,0,,,,
60020 1,,御堀橋,,34.1654122,131.485769,60020 1,,0,,,,
60020 2,,御堀橋,,34.1648761,131.4860471,60020 2,,0,,,,
60021 1,,宮島町,,34.1671164,131.4797575,60021 1,,0,,,,
60021 2,,宮島町,,34.1673273,131.4784376,60021 2,,0,,,,
60023 1,,白石,,34.1790023,131.4716149,60023 1,,0,,,,
60023 2,,白石,,34.1798844,131.471172,60023 2,,0,,,,
60024 1,,山口県庁前,,34.18362,131.4717932,60024 1,,0,,,,
60024 2,,山口県庁前,,34.1836321,131.4716041,60024 2,,0,,,,
60024 4,,山口県庁前,,34.1837385,131.471695,60024 4,,0,,,,
60025 1,,美術館前,,34.1797827,131.4753204,60025 1,,0,,,,
60025 2,,美術館前,,34.1813063,131.4745383,60025 2,,0,,,,
60025 3,,美術館前,,34.1797797,131.4753205,60025 3,,0,,,,
60025 4,,美術館前,,34.1813064,131.4745338,60025 4,,0,,,,
60026 1,,米屋町,,34.176825,131.4763103,60026 1,,0,,,,
60026 2,,米屋町,,34.1765469,131.4765693,60026 2,,0,,,,
60026 3,,米屋町,,34.1768256,131.4763102,60026 3,,0,,,,
60026 4,,米屋町,,34.176548,131.4765683,60026 4,,0,,,,
60027 1,,今市通,,34.1744938,131.4787821,60027 1,,0,,,,
60027 2,,今市通,,34.1741619,131.478983,60027 2,,0,,,,
60027 3,,今市通,,34.1744949,131.4787811,60027 3,,0,,,,
60027 4,,今市通,,34.1741621,131.4789836,60027 4,,0,,,,
60028 1,,山口駅,,34.1726269,131.480456,60028 1,,0,,,,1
60028 2,,山口駅,,34.1725446,131.4803905,60028 2,,0,,,,2
60028 4,,山口駅,,34.1726259,131.480458,60028 4,,0,,,,1
60029 1,,ゆめタウン山口,,34.1593757,131.4918512,60029 1,,0,,,,
60029 2,,ゆめタウン山口,,34.1593762,131.491853,60029 2,,0,,,,
60030 1,,昭和町,,34.170363,131.4774211,60030 1,,0,,,,
60030 2,,昭和町,,34.1704125,131.4773413,60030 2,,0,,,,
60031 1,,中国電力・ｙａｂ前,,34.176233,131.4733587,60031 1,,0,,,,
60031 2,,中国電力・ｙａｂ前,,34.1754308,131.4726748,60031 2,,0,,,,
60032 1,,商工会館前,,34.1721978,131.4691892,60032 1,,0,,,,
60032 2,,商工会館前,,34.1718225,131.4688921,60032 2,,0,,,,
60033 1,,情報芸術センター前,,34.1703356,131.4662013,60033 1,,0,,,,
60033 2,,情報芸術センター前,,34.1697757,131.4655618,60033 2,,0,,,,
60034 1,,ＮＴＴ山口前,,34.1678965,131.4622094,60034 1,,0,,,,
60034 2,,ＮＴＴ山口前,,34.1673227,131.4615699,60034 2,,0,,,,
60035 0,,湯田温泉通,,34.164910593856699996435,131.4575504324099999984654,60035 0,,0,,,,
60035 1,,湯田温泉通,,34.1652478,131.4579029,60035 1,,0,,,,
60035 2,,湯田温泉通,,34.1650728,131.4578645,60035 2,,0,,,,
60036 1,,下湯田,,34.1637684,131.4554689,60036 1,,0,,,,
60036 2,,下湯田,,34.1634907,131.4537871,60036 2,,0,,,,
60036 4,,下湯田,,34.1622115,131.4553833,60036 4,,0,,,,
60037 1,,湯田温泉駅入口,,34.1580959,131.4593135,60037 1,,0,,,,
60037 2,,湯田温泉駅入口,,34.1576825,131.4598802,60037 2,,0,,,,
60038 1,,あいわたせ,,34.155935,131.4614638,60038 1,,0,,,,
60038 2,,あいわたせ,,34.156182,131.4613522,60038 2,,0,,,,
60039 1,,台,,34.1525747,131.46457,60039 1,,0,,,,
60039 2,,台,,34.1516232,131.4654701,60039 2,,0,,,,
60040 1,,山口大学,,34.148979120435550725614,131.4664837573890113204626,60040 1,,0,,,,
60040 2,,山口大学,,34.148979120435550725614,131.4664837573890113204626,60040 2,,0,,,,
60041 1,,山口大学前,,34.1489866,131.4664835,60041 1,,0,,,,
60042 1,,山口市民会館前,,34.1767958,131.474327,60042 1,,0,,,,
60043 10,,新山口駅,,34.0942142,131.3962014,60043 10,,0,,,,2
60043 11,,新山口駅,,34.0944183,131.3965218,60043 11,,0,,,,
60044 1,,スポーツの森前,,34.2033606,131.5093809,60044 1,,0,,,,
60044 2,,スポーツの森前,,34.2033607,131.5090483,60044 2,,0,,,,
60045 1,,宮野新橋,,34.2055994,131.512336,60045 1,,0,,,,
60045 2,,宮野新橋,,34.2057128,131.5121445,60045 2,,0,,,,
60046 1,,佐々並,,34.2855156,131.4613358,60046 1,,0,,,,
60046 2,,佐々並,,34.285479,131.4611585,60046 2,,0,,,,
60047 1,,明木,,34.3445029,131.4144698,60047 1,,0,,,,
60047 2,,明木,,34.3445303,131.4143852,60047 2,,0,,,,
60048 1,,萩バスセンター,,34.4106351,131.4027244,60048 1,,0,,,,
60048 10,,萩バスセンター,,34.4106525,131.4028162,60048 10,,0,,,,
60048 11,,萩バスセンター,,34.4106317,131.402721,60048 11,,0,,,,
60048 2,,萩バスセンター,,34.4106546,131.4028161,60048 2,,0,,,,
60049 1,,東萩,,34.4170209,131.4102279,60049 1,,0,,,,
60049 10,,東萩,,34.4170179,131.4102284,60049 10,,0,,,,
60049 11,,東萩,,34.4170155,131.410228,60049 11,,0,,,,
60049 2,,東萩,,34.4170203,131.4102299,60049 2,,0,,,,
60050 1,,野田学園前,,34.1867465,131.4788867,60050 1,,0,,,,
60050 2,,野田学園前,,34.1869052,131.4789954,60050 2,,0,,,,
60051 1,,山口自衛隊前,,34.1861013,131.482465,60051 1,,0,,,,
60051 2,,山口自衛隊前,,34.1863166,131.4824154,60051 2,,0,,,,
60052 1,,日赤前,,34.184799,131.4837209,60052 1,,0,,,,
60052 2,,日赤前,,34.184771,131.4838775,60052 2,,0,,,,
60053 1,,三の宮,,34.1868421,131.4909057,60053 1,,0,,,,
60053 2,,三の宮,,34.1878254,131.4925281,60053 2,,0,,,,
60054 1,,折本,,34.1889881,131.4948337,60054 1,,0,,,,
60054 2,,折本,,34.1895626,131.4955373,60054 2,,0,,,,
60055 1,,宮野駅前,,34.1917186,131.4971969,60055 1,,0,,,,
60055 2,,宮野駅前,,34.1922318,131.4978913,60055 2,,0,,,,
60056 1,,県宮野庁舎前,,34.1933348,131.4998141,60056 1,,0,,,,
60056 2,,県宮野庁舎前,,34.1932251,131.499478,60056 2,,0,,,,
60057 1,,宮野中学校前,,34.1959068,131.5019538,60057 1,,0,,,,
60057 2,,宮野中学校前,,34.1963435,131.501763,60057 2,,0,,,,
60058 1,,本宮野,,34.2010131,131.5063271,60058 1,,0,,,,
60058 2,,本宮野,,34.201621,131.5068126,60058 2,,0,,,,
60059 1,,七房,,34.2122965,131.5167969,60059 1,,0,,,,
60059 2,,七房,,34.2131209,131.5175901,60059 2,,0,,,,
60060 1,,奥湯田温泉口,,34.222396,131.5152104,60060 1,,0,,,,
60060 2,,奥湯田温泉口,,34.2223351,131.5151541,60060 2,,0,,,,
60061 1,,向田橋,,34.2413589,131.5205659,60061 1,,0,,,,
60061 2,,向田橋,,34.24139,131.5204278,60061 2,,0,,,,
60062 1,,宮野大峠,,34.2508259,131.5226025,60062 1,,0,,,,
60062 2,,宮野大峠,,34.2508253,131.5226019,60062 2,,0,,,,
60063 1,,上小木原,,34.2461794,131.4910651,60063 1,,0,,,,
60063 2,,上小木原,,34.2461195,131.490888,60063 2,,0,,,,
60064 1,,下小木原,,34.2512333,131.4880267,60064 1,,0,,,,
60064 2,,下小木原,,34.2516945,131.4875744,60064 2,,0,,,,
60065 1,,日南瀬,,34.2620417,131.478183,60065 1,,0,,,,
60065 2,,日南瀬,,34.2619674,131.478,60065 2,,0,,,,
60066 1,,中作,,34.2650311,131.4733775,60066 1,,0,,,,
60066 2,,中作,,34.2649248,131.4733862,60066 2,,0,,,,
60067 1,,大迫口,,34.272234,131.4738768,60067 1,,0,,,,
60067 2,,大迫口,,34.2722712,131.4737381,60067 2,,0,,,,
60068 1,,板橋口,,34.2810095,131.4695461,60068 1,,0,,,,
60068 2,,板橋口,,34.2809446,131.4694998,60068 2,,0,,,,
60069 1,,小松ヶ谷,,34.2882262,131.4581024,60069 1,,0,,,,
60069 2,,小松ヶ谷,,34.2882387,131.4580771,60069 2,,0,,,,
60070 1,,与三原,,34.2977406,131.4583089,60070 1,,0,,,,
60070 2,,与三原,,34.2973464,131.4575915,60070 2,,0,,,,
60071 1,,根引,,34.3036272,131.4601806,60071 1,,0,,,,
60071 2,,根引,,34.3035935,131.4600673,60071 2,,0,,,,
60072 1,,新茶屋,,34.3094693,131.4527562,60072 1,,0,,,,
60072 2,,新茶屋,,34.3094262,131.4526308,60072 2,,0,,,,
60073 1,,中の峠,,34.3161276,131.4449353,60073 1,,0,,,,
60073 2,,中の峠,,34.3162734,131.4440985,60073 2,,0,,,,
60074 1,,釿切,,34.3190664,131.4381232,60074 1,,0,,,,
60074 2,,釿切,,34.3183938,131.4378427,60074 2,,0,,,,
60075 1,,古戦場,,34.3132401,131.4231891,60075 1,,0,,,,
60075 2,,古戦場,,34.312517,131.4225744,60075 2,,0,,,,
60076 1,,同前,,34.3126305,131.4162985,60076 1,,0,,,,
60076 2,,同前,,34.3129414,131.4153182,60076 2,,0,,,,
60077 1,,小野山,,34.3191857,131.4034129,60077 1,,0,,,,
60077 2,,小野山,,34.3198608,131.4027538,60077 2,,0,,,,
60078 1,,角力場,,34.3263997,131.4019395,60078 1,,0,,,,
60078 2,,角力場,,34.3265969,131.4019723,60078 2,,0,,,,
60079 1,,菅蓋,,34.3311448,131.4081519,60079 1,,0,,,,
60079 2,,菅蓋,,34.3311895,131.4080621,60079 2,,0,,,,
60080 1,,下菅蓋,,34.3350165,131.4101408,60080 1,,0,,,,
60080 2,,下菅蓋,,34.3351202,131.4100535,60080 2,,0,,,,
60081 1,,牛地,,34.3422695,131.4125907,60081 1,,0,,,,
60081 2,,牛地,,34.3420223,131.4123378,60081 2,,0,,,,
60082 1,,蔵屋,,34.3478969,131.4198366,60082 1,,0,,,,
60082 2,,蔵屋,,34.3478833,131.4196331,60082 2,,0,,,,
60083 1,,瓜作,,34.3578948,131.4202558,60083 1,,0,,,,
60083 2,,瓜作,,34.3579498,131.4201722,60083 2,,0,,,,
60084 1,,佐古,,34.3632919,131.4312201,60084 1,,0,,,,
60084 2,,佐古,,34.3633777,131.431202,60084 2,,0,,,,
60085 1,,長門峡北口,,34.3623659,131.4403778,60085 1,,0,,,,
60085 2,,長門峡北口,,34.3629451,131.4405674,60085 2,,0,,,,
60086 1,,立野渡,,34.3736902,131.4380261,60086 1,,0,,,,
60086 2,,立野渡,,34.3736983,131.4378833,60086 2,,0,,,,
60087 1,,霧口,,34.3877593,131.4241725,60087 1,,0,,,,
60087 2,,霧口,,34.3877221,131.4240692,60087 2,,0,,,,
60088 1,,沖原,,34.3923666,131.4125964,60088 1,,0,,,,
60088 2,,沖原,,34.3924035,131.412257,60088 2,,0,,,,
60089 1,,萩駅,,34.3939865,131.4011171,60089 1,,0,,,,
60089 2,,萩駅,,34.3939892,131.4011131,60089 2,,0,,,,
60090 1,,橋本町,,34.4037019,131.4022097,60090 1,,0,,,,
60090 2,,橋本町,,34.404085,131.4021404,60090 2,,0,,,,
60094 1,,松ヶ鼻,,34.1647632,131.446434,60094 1,,0,,,,
60094 2,,松ヶ鼻,,34.1646894,131.4464981,60094 2,,0,,,,
60095 1,,吉敷郵便局前,,34.1646284,131.4403702,60095 1,,0,,,,
60095 2,,吉敷郵便局前,,34.1644545,131.4407523,60095 2,,0,,,,
60096 1,,吉敷,,34.167496,131.4336762,60096 1,,0,,,,
60096 2,,吉敷,,34.1676309,131.4333144,60096 2,,0,,,,
60097 1,,赤田,,34.1720605,131.4311654,60097 1,,0,,,,
60097 2,,赤田,,34.1720421,131.4310791,60097 2,,0,,,,
60098 1,,赤田公民館前,,34.1767483,131.4293118,60098 1,,0,,,,
60098 2,,赤田公民館前,,34.1767455,131.4292173,60098 2,,0,,,,
60099 1,,四ノ宮前,,34.1802129,131.4305819,60099 1,,0,,,,
60099 2,,四ノ宮前,,34.1802507,131.4304545,60099 2,,0,,,,
60100 1,,中尾口,,34.1856457,131.4303627,60100 1,,0,,,,
60100 2,,中尾口,,34.1856902,131.4302234,60100 2,,0,,,,
60101 1,,秋吉,,34.2184916,131.2983114,60101 1,,0,,,,
60101 2,,秋吉,,34.2185581,131.2983919,60101 2,,0,,,,
60102 1,,随徳,,34.2194246,131.2987355,60102 1,,0,,,,
60102 2,,随徳,,34.219384,131.2988287,60102 2,,0,,,,
60103 1,,秋芳洞,,34.2232116,131.3068248,60103 1,,0,,,,
60103 2,,秋芳洞,,34.2232083,131.3068296,60103 2,,0,,,,
60103 4,,秋芳洞,,34.2230893,131.306576,60103 4,,0,,,,
60103 99,,秋芳洞,,34.223235049338531109584,131.306443629247360574142,60103 99,,0,,,,
60104 1,,秋吉小学校前,,34.2132873,131.307171,60104 1,,0,,,,
60104 2,,秋吉小学校前,,34.2131784,131.3071559,60104 2,,0,,,,
60105 1,,下八重,,34.2133085,131.3103663,60105 1,,0,,,,
60105 2,,下八重,,34.2131465,131.3098314,60105 2,,0,,,,
60106 1,,上八重,,34.2149816,131.3146738,60106 1,,0,,,,
60106 2,,上八重,,34.2146513,131.3137772,60106 2,,0,,,,
60107 1,,八重ヶ原,,34.213813,131.3232873,60107 1,,0,,,,
60107 2,,八重ヶ原,,34.213833,131.3227805,60107 2,,0,,,,
60108 1,,平ヶ谷,,34.2177056,131.3308451,60108 1,,0,,,,
60108 2,,平ヶ谷,,34.2174006,131.330759,60108 2,,0,,,,
60109 1,,紅葉橋,,34.2203081,131.3406548,60109 1,,0,,,,
60109 2,,紅葉橋,,34.220126,131.3405165,60109 2,,0,,,,
60110 1,,大田中央,,34.2214969,131.3419178,60110 1,,0,,,,
60110 2,,大田中央,,34.2214957,131.3419226,60110 2,,0,,,,
60111 1,,温湯,,34.2151577,131.3489677,60111 1,,0,,,,
60111 2,,温湯,,34.2158024,131.3478145,60111 2,,0,,,,
60112 1,,長門高山,,34.2016784,131.3517331,60112 1,,0,,,,
60112 2,,長門高山,,34.2017259,131.3516387,60112 2,,0,,,,
60113 1,,綾木,,34.1980029,131.3489131,60113 1,,0,,,,
60113 2,,綾木,,34.1984784,131.3491156,60113 2,,0,,,,
60114 1,,四ノ瀬,,34.2022517,131.3643296,60114 1,,0,,,,
60114 2,,四ノ瀬,,34.2029549,131.3646634,60114 2,,0,,,,
60115 1,,薬王寺,,34.2124194,131.3745408,60115 1,,0,,,,
60115 2,,薬王寺,,34.21228,131.3744956,60115 2,,0,,,,
60116 1,,景平,,34.2075084,131.3791595,60116 1,,0,,,,
60116 2,,景平,,34.2074397,131.3790442,60116 2,,0,,,,
60117 1,,下大石,,34.2032283,131.3848768,60117 1,,0,,,,
60117 2,,下大石,,34.2028832,131.3848735,60117 2,,0,,,,
60118 1,,長門大石,,34.199523,131.3895044,60118 1,,0,,,,
60118 2,,長門大石,,34.2001655,131.3879339,60118 2,,0,,,,
60119 1,,吉敷畑,,34.1985362,131.4140042,60119 1,,0,,,,
60119 2,,吉敷畑,,34.1983807,131.4155177,60119 2,,0,,,,
60137 2,,黒谷口,,34.2332783,131.2993448,60137 2,,0,,,,
60138 2,,秋吉台,,34.234162,131.3060505,60138 2,,0,,,,
60138 99,,秋吉台,,34.233783906335511386112,131.3056098794159664024946,60138 99,,0,,,,
60139 2,,千坊,,34.1586085,131.4913206,60139 2,,0,,,,
60154 1,,萩・明倫センター,,34.4093826,131.3987081,60154 1,,0,,,,
60154 10,,萩・明倫センター,,34.4093843,131.3987081,60154 10,,0,,,,
60154 11,,萩・明倫センター,,34.4093829,131.3987071,60154 11,,0,,,,
60154 2,,萩・明倫センター,,34.4093851,131.3987075,60154 2,,0,,,,
60154 99,,萩・明倫センター,,34.409316756161126219401,131.3986440703649163578714,60154 99,,0,,,,
60155 1,,高井,,34.07137,131.5518324,60155 1,,0,,,,
60155 2,,高井,,34.0714289,131.551761,60155 2,,0,,,,
60156 1,,高井県営住宅前,,34.0688613,131.548989,60156 1,,0,,,,
60156 2,,高井県営住宅前,,34.0683714,131.5481776,60156 2,,0,,,,
60157 1,,総合医療センター,,34.0655227,131.5415986,60157 1,,0,,,,
60157 2,,総合医療センター,,34.0654283,131.541763,60157 2,,0,,,,
60158 1,,美東病院,,34.2204981,131.3402837,60158 1,,0,,,,
60158 2,,美東病院,,34.2204959,131.3402745,60158 2,,0,,,,
60159 1,,道の駅あさひ,,34.2864888,131.4594682,60159 1,,0,,,,
60159 2,,道の駅あさひ,,34.2864911,131.4594742,60159 2,,0,,,,
60160 1,,下田,,34.206323813201916997920,131.5137938545007573169728,60160 1,,0,,,,
60160 2,,下田,,34.206557123660070250117,131.5139105002282476077022,60160 2,,0,,,,
1,,広島バスセンター,,34.3961683,132.4565006,,,1,,,,
